41.5417 7.7875
38.6656 7.0847
38.6656 7.0847
38.6656 7.0847
38.6656 7.0847
41.5417 7.7875
41.5653 6.8808
41.5653 6.8808
41.5653 6.8808
42.0511 8.5611
42.0511 8.5611
42.0511 8.5611
40.5761 8.5269
40.5761 8.5269
40.5761 8.5269
38.6656 7.0847
41.8534 1.2316
41.8534 1.2316
41.8534 1.2316
46.7605 17.2553
46.7605 17.2553
46.7605 17.2553
46.7605 17.2553
46.7605 17.2553
47.6852 19.1279
47.6852 19.1279
47.6852 19.1279
50.2283 14.6138
50.2283 14.6138
50.2283 14.6138
50.2283 14.6138
50.2283 14.6138
50.2283 14.6138
47.6852 19.1279
47.6852 19.1279
47.6852 19.1279
45.9803 8.6443
45.9803 8.6443
45.9803 8.6443
45.9803 8.6443
45.9803 8.6443
45.9803 8.6443
45.9803 8.6443
41.8534 1.2316
67.5012 49.3144
67.5012 49.3144
67.5012 49.3144
67.5012 49.3144
67.5012 49.3144
45.3865 47.3427
45.3865 47.3427
55.955 110.7073
55.955 110.7073
55.955 110.7073
63.8296 38.4573
63.508 41.6216
63.508 41.6216
63.508 41.6216
43.0584 26.9534
43.0584 26.9534
43.0584 26.9534
63.5768 83.8644
63.5768 83.8644
63.5768 83.8644
45.7669 47.8862
45.7669 47.8862
66.1592 32.6471
66.1592 32.6471
66.1592 32.6471
51.259 106.4982
51.259 106.4982
51.259 106.4982
51.259 106.4982
51.259 106.4982
45.2481 37.4975
55.865 38.001
55.865 38.001
55.865 38.001
54.3206 84.3938
54.3206 84.3938
54.3206 84.3938
54.3206 84.3938
54.3206 84.3938
62.5689 130.8861
62.5689 130.8861
62.5689 130.8861
62.5689 130.8861
62.5689 130.8861
67.0291 51.1275
67.0291 51.1275
49.2421 43.9255
49.2421 43.9255
54.8451 37.9849
68.1305 53.5269
68.1305 53.5269
68.1305 53.5269
68.1305 53.5269
64.1414 41.7653
64.1414 41.7653
64.1414 41.7653
65.0007 41.2693
65.0007 41.2693
65.0007 41.2693
65.0007 41.2693
64.4561 40.5813
64.4561 40.5813
64.4561 40.5813
43.7365 4.1428
43.7365 4.1428
45.7697 18.0661
41.8534 1.2316
41.8534 1.2316
41.8534 1.2316
42.0096 3.1249
42.0096 3.1249
39.3176 0.3962
39.3114 0.3205
43.0895 12.1532
44.1845 11.2759
43.0895 12.1532
44.1845 11.2759
44.1845 11.2759
43.0895 12.1532
43.0895 12.1532
44.1845 11.2759
44.1845 11.2759
44.1845 11.2759
44.1845 11.2759
44.1845 11.2759
44.1845 11.2759
44.1845 11.2759
44.1845 11.2759
44.1845 11.2759
45.9803 8.6443
45.9803 8.6443
45.9803 8.6443
46.014 11.2862
46.014 11.2862
45.9803 8.6443
52.2921 113.0898
52.2897 106.4839
52.2897 106.4839
51.4176 106.5433
51.4176 106.5433
51.4176 106.5433
51.4176 106.5433
51.56 107.009
51.56 107.009
51.56 107.009
51.56 107.009
51.8473 107.5583
51.8473 107.5583
52.5972 111.5001
52.5972 111.5001
52.5972 111.5001
52.5972 111.5001
52.5972 111.5001
52.5972 111.5001
52.1555 106.2637
52.1555 106.2637
52.1555 106.2637
52.1555 106.2637
52.1555 106.2637
51.7699 36.2186
51.7699 36.2186
51.7699 36.2186
51.563 43.153
51.563 43.153
51.563 43.153
48.4244 44.9181
46.8762 39.6995
46.8762 39.6995
61.2785 48.6681
64.9542 37.5186
64.8767 38.9809
64.8767 38.9809
44.9497 39.3544
44.9497 39.3544
44.9497 39.3544
45.3539 39.8053
45.3539 39.8053
45.3539 39.8053
45.3539 39.8053
48.3406 40.1096
48.3406 40.1096
48.3406 40.1096
47.8438 39.903
47.3582 40.0632
47.3582 40.0632
47.3582 40.0632
45.2655 37.3708
45.2655 37.3708
54.6603 39.8371
54.6603 39.8371
54.6603 39.8371
50.7131 51.3808
50.7131 51.3808
50.7131 51.3808
50.7131 51.3808
50.7131 51.3808
51.7699 36.2186
36.465 36.3799
36.4298 36.3833
36.4298 36.3833
36.4298 36.3833
36.4298 36.3833
36.4298 36.3833
36.4298 36.3833
43.198 40.3031
64.9542 37.5186
64.9542 37.5186
44.9497 39.3544
44.9497 39.3544
44.9497 39.3544
44.9497 39.3544
44.9497 39.3544
44.9497 39.3544
44.9497 39.3544
45.3539 39.8053
45.3539 39.8053
45.3539 39.8053
45.3539 39.8053
45.3539 39.8053
45.3539 39.8053
45.3539 39.8053
61.3079 38.8429
61.3079 38.8429
61.3079 38.8429
45.2655 37.3708
45.2655 37.3708
45.2655 37.3708
45.2655 37.3708
45.2655 37.3708
45.2655 37.3708
45.2655 37.3708
54.6603 39.8371
54.9798 41.7753
54.8958 55.8891
54.8958 55.8891
54.8958 55.8891
54.8958 55.8891
47.2531 47.0418
47.2531 47.0418
47.2531 47.0418
55.7012 36.7209
55.7012 36.7209
56.4631 29.1139
49.8012 82.6261
49.8012 82.6261
49.8012 82.6261
49.8012 82.6261
42.9604 47.5423
42.9604 47.5423
45.8427 39.0525
45.8427 39.0525
45.8427 39.0525
46.0837 38.9769
46.0837 38.9769
46.0837 38.9769
44.8929 38.8456
44.8929 38.8456
44.8929 38.8456
46.5481 39.0661
46.5732 39.6331
46.5732 39.6331
46.5732 39.6331
36.4962 36.4807
36.4962 36.4807
36.4962 36.4807
36.4962 36.4807
36.4962 36.4807
37.4159 49.4385
37.4159 49.4385
37.4159 49.4385
37.4159 49.4385
37.4159 49.4385
36.8365 54.0009
36.8365 54.0009
36.8365 54.0009
39.9707 41.8891
39.9707 41.8891
36.7374 28.8087
36.7374 28.8087
36.7374 28.8087
36.7374 28.8087
36.7374 28.8087
40.2252 28.0528
40.2252 28.0528
40.2252 28.0528
40.2252 28.0528
40.2252 28.0528
40.1363 28.6744
40.1363 28.6744
40.1363 28.6744
40.1363 28.6744
40.1363 28.6744
40.7128 30.1753
40.7128 30.1753
40.7128 30.1753
40.7128 30.1753
39.4166 28.1007
39.4166 28.1007
40.1299 27.9395
41.4281 27.0989
40.7687 26.5147
40.7687 26.5147
41.2097 27.1168
40.5658 43.0602
40.5658 43.0602
40.5658 43.0602
40.5658 43.0602
40.5658 43.0602
46.9377 7.1244
46.9053 7.0559
46.9053 7.0559
47.0109 6.9806
46.8053 6.7456
47.204 8.7169
47.204 8.7169
47.204 8.7169
47.3669 8.6708
47.3669 8.6708
47.573 8.572
47.573 8.572
47.573 8.572
47.1471 7.3709
47.1471 7.3709
46.9377 7.1244
46.5619 6.1692
47.134 8.1895
47.134 8.1895
47.134 8.1895
46.1473 8.7788
46.1473 8.7788
46.1473 8.7788
46.1473 8.7788
46.1473 8.7788
46.1473 8.7788
46.1473 8.7788
47.1135 9.4982
47.128 9.301
47.128 9.301
46.1473 8.7788
47.5829 8.2343
47.5829 8.2343
47.5829 8.2343
47.1737 8.1254
47.0236 8.4638
47.0236 8.4638
47.0236 8.4638
47.0236 8.4638
47.0236 8.4638
47.3738 8.3169
47.3738 8.3169
47.1024 8.6308
47.1024 8.6308
47.0109 6.9806
50.3291 8.871
52.3148 30.9532
52.3148 30.9532
50.8387 39.0757
47.87 27.2552
47.87 27.2552
47.87 27.2552
47.87 27.2552
47.87 27.2552
47.2847 29.1252
47.2847 29.1252
47.2847 29.1252
47.2847 29.1252
47.2847 29.1252
46.6859 48.0747
43.3919 1.6915
43.3919 1.6915
43.3919 1.6915
61.111 32.5514
47.4646 40.4793
47.4646 40.4793
47.4646 40.4793
48.0994 46.0826
48.0994 46.0826
53.1362 48.2646
53.1362 48.2646
53.1362 48.2646
51.7089 46.7015
51.7089 46.7015
51.7089 46.7015
53.2206 50.4691
53.2206 50.4691
53.2206 50.4691
53.7409 24.2122
53.7409 24.2122
53.523 24.1952
53.523 24.1952
53.523 24.1952
53.523 24.1952
53.523 24.1952
54.8865 26.9015
54.8865 26.9015
55.5932 39.5758
54.7708 31.2857
54.7708 31.2857
54.7708 31.2857
53.3957 83.7952
53.3957 83.7952
53.3957 83.7952
52.4996 85.1734
52.4996 85.1734
52.4996 85.1734
51.9716 85.7618
51.9716 85.7618
51.9716 85.7618
56.8834 59.0467
56.8834 59.0467
56.8834 59.0467
57.3551 56.9098
60.3818 56.5051
60.3818 56.5051
60.3818 56.5051
57.2376 59.3228
57.2376 59.3228
57.2376 59.3228
56.1352 48.3343
56.1352 48.3343
56.1352 48.3343
43.698 39.6852
43.698 39.6852
43.698 39.6852
54.4591 20.1353
54.4591 20.1353
54.4591 20.1353
54.5229 22.0748
54.4959 21.1935
56.9702 60.7366
56.9702 60.7366
56.9702 60.7366
56.9702 60.7366
-999 -999
-999 -999
-999 -999
-999 -999
-999 -999
-999 -999
-999 -999
-999 -999
-999 -999
-999 -999
-999 -999
-999 -999
-999 -999
-999 -999
-999 -999
-999 -999
-999 -999
-999 -999
-999 -999
-999 -999
-999 -999
-999 -999
-999 -999
-999 -999
-999 -999
-999 -999
-999 -999
-999 -999
-999 -999
-999 -999
-999 -999
-999 -999
-999 -999
-999 -999
-999 -999
-999 -999
-999 -999
-999 -999
-999 -999
-999 -999
-999 -999
-999 -999
-999 -999
-999 -999
-999 -999
-999 -999
-999 -999
-999 -999
-999 -999
-999 -999
-999 -999
-999 -999
-999 -999
-999 -999
-999 -999
-999 -999
-999 -999
-999 -999
-999 -999
-999 -999
-999 -999
-999 -999
-999 -999
-999 -999
-999 -999
-999 -999
-999 -999
-999 -999
-999 -999
-999 -999
-999 -999
-999 -999
-999 -999
-999 -999
-999 -999
-999 -999
-999 -999
-999 -999
-999 -999
-999 -999
-999 -999
-999 -999
-999 -999
-999 -999
-999 -999
-999 -999
-999 -999
-999 -999
-999 -999
-999 -999
-999 -999
-999 -999
-999 -999
-999 -999
-999 -999
-999 -999
-999 -999
-999 -999
-999 -999
-999 -999
-999 -999
-999 -999
-999 -999
-999 -999
-999 -999
-999 -999
-999 -999
-999 -999
-999 -999
-999 -999
-999 -999
-999 -999
-999 -999
-999 -999
-999 -999
-999 -999
-999 -999
-999 -999
-999 -999
-999 -999
-999 -999
-999 -999
-999 -999
-999 -999
-999 -999
-999 -999
-999 -999
-999 -999
-999 -999
-999 -999
-999 -999
-999 -999
-999 -999
-999 -999
-999 -999
-999 -999
-999 -999
-999 -999
-999 -999
-999 -999
-999 -999
-999 -999
-999 -999
-999 -999
-999 -999
-999 -999
-999 -999
-999 -999
-999 -999
-999 -999
-999 -999
-999 -999
-999 -999
-999 -999
-999 -999
-999 -999
-999 -999
-999 -999
-999 -999
-999 -999
-999 -999
-999 -999
-999 -999
-999 -999
-999 -999
-999 -999
-999 -999
-999 -999
-999 -999
-999 -999
-999 -999
-999 -999
-999 -999
-999 -999
-999 -999
-999 -999
-999 -999
-999 -999
-999 -999
-999 -999
-999 -999
-999 -999
-999 -999
-999 -999
-999 -999
-999 -999
-999 -999
-999 -999
-999 -999
-999 -999
-999 -999
-999 -999
-999 -999
-999 -999
-999 -999
-999 -999
-999 -999
-999 -999
-999 -999
-999 -999
-999 -999
-999 -999
-999 -999
-999 -999
-999 -999
-999 -999
-999 -999
-999 -999
-999 -999
-999 -999
-999 -999
-999 -999
-999 -999
-999 -999
-999 -999
-999 -999
-999 -999
-999 -999
-999 -999
-999 -999
-999 -999
-999 -999
-999 -999
-999 -999
-999 -999
-999 -999
-999 -999
-999 -999
-999 -999
-999 -999
-999 -999
-999 -999
-999 -999
-999 -999
-999 -999
-999 -999
-999 -999
-999 -999
-999 -999
-999 -999
-999 -999
-999 -999
-999 -999
-999 -999
-999 -999
-999 -999
-999 -999
-999 -999
-999 -999
-999 -999
-999 -999
-999 -999
-999 -999
-999 -999
-999 -999
-999 -999
-999 -999
-999 -999
-999 -999
-999 -999
-999 -999
-999 -999
-999 -999
-999 -999
-999 -999
-999 -999
-999 -999
-999 -999
-999 -999
-999 -999
-999 -999
-999 -999
-999 -999
-999 -999
-999 -999
-999 -999
-999 -999
-999 -999
-999 -999
-999 -999
-999 -999
-999 -999
-999 -999
-999 -999
-999 -999
-999 -999
-999 -999
-999 -999
-999 -999
-999 -999
-999 -999
-999 -999
-999 -999
-999 -999
-999 -999
-999 -999
-999 -999
-999 -999
-999 -999
-999 -999
-999 -999
-999 -999
-999 -999
-999 -999
-999 -999
-999 -999
-999 -999
-999 -999
-999 -999
-999 -999
-999 -999
-999 -999
-999 -999
-999 -999
-999 -999
-999 -999
-999 -999
-999 -999
-999 -999
-999 -999
-999 -999
-999 -999
-999 -999
-999 -999
-999 -999
-999 -999
-999 -999
-999 -999
-999 -999
-999 -999
-999 -999
-999 -999
-999 -999
-999 -999
-999 -999
-999 -999
-999 -999
-999 -999
-999 -999
-999 -999
-999 -999
-999 -999
-999 -999
-999 -999
-999 -999
-999 -999
-999 -999
-999 -999
-999 -999
-999 -999
-999 -999
-999 -999
-999 -999
-999 -999
-999 -999
-999 -999
-999 -999
-999 -999
-999 -999
-999 -999
-999 -999
-999 -999
-999 -999
-999 -999
-999 -999
-999 -999
-999 -999
-999 -999
-999 -999
-999 -999
-999 -999
-999 -999
-999 -999
-999 -999
-999 -999
-999 -999
-999 -999
-999 -999
-999 -999
-999 -999
-999 -999
-999 -999
-999 -999
-999 -999
-999 -999
-999 -999
-999 -999
-999 -999
-999 -999
-999 -999
-999 -999
-999 -999
-999 -999
-999 -999
-999 -999
-999 -999
-999 -999
-999 -999
-999 -999
-999 -999
-999 -999
-999 -999
-999 -999
-999 -999
-999 -999
-999 -999
-999 -999
-999 -999
-999 -999
-999 -999
-999 -999
-999 -999
-999 -999
-999 -999
-999 -999
-999 -999
-999 -999
-999 -999
-999 -999
-999 -999
-999 -999
-999 -999
-999 -999
-999 -999
-999 -999
-999 -999
-999 -999
-999 -999
-999 -999
-999 -999
-999 -999
-999 -999
-999 -999
-999 -999
-999 -999
-999 -999
-999 -999
