-999 -999 -999 -999 -999 -999 -999 -999
-999 -999 -999 -999 -999 -999 -999 -999
0.0430368688520531 0.940356610837439 0.0571097102148713 0.963037568440876 0.0189502123609655 0.741933516084322 0.316446399308793 -999
0.956963131147947 0.0596433891625601 0.942890289785128 0.0369624315591246 0.981049787639034 0.258066483915677 0.683553600691206 -999
0.95615656893483 0.0591386099464681 0.943792246724989 0.0377868648369393 0.98010802441102 0.253510574917267 0.682024249143167 -999
0.0438434310651706 0.940861390053531 0.0562077532750102 0.962213135163062 0.0198919755889796 0.746489425082733 0.317975750856834 -999
0.956296213904182 0.0635461245763415 0.330267828019005 0.99580940671408 0.980213811229953 0.0156293656076007 0.985351919384054 -999
0.0437037860958182 0.936453875423658 0.669732171980995 0.00419059328592018 0.0197861887700461 0.9843706343924 0.014648080615946 -999
0.0410066789223296 0.942563101673954 0.663827682859485 0.00468281835518133 0.0200888073396224 0.983617266822603 0.0156163680053872 -999
0.95899332107767 0.0574368983260465 0.336172317140515 0.995317181644819 0.979911192660378 0.0163827331773964 0.984383631994612 -999
0.913810293980459 0.0621260671440183 0.059204099032781 0.00438435981458278 0.0169881670988161 0.015058774170431 0.0157182948143636 -999
0.0861897060195413 0.937873932855981 0.94079590096722 0.995615640185417 0.983011832901183 0.984941225829569 0.984281705185635 -999
0.0818542093702431 0.941329986600268 0.944131148826037 0.995076306955498 0.979498383810105 0.983880239545079 0.985036577927732 -999
0.918145790629756 0.0586700133997321 0.0558688511739627 0.00492369304450081 0.0205016161898954 0.0161197604549209 0.0149634220722682 -999
0.0458382030590708 0.0603922865698128 0.0607711396027601 0.00530969866622407 0.958950598639071 0.0148678687047012 0.0156737973916226 -999
0.95416179694093 0.939607713430187 0.93922886039724 0.994690301333776 0.0410494013609286 0.985132131295299 0.984326202608377 -999
0.954818570412508 0.942845993859974 0.94338921039422 0.995447092371496 0.03998816693866 0.985595653794392 0.983090256520484 -999
0.0451814295874932 0.0571540061400257 0.0566107896057796 0.00455290762850405 0.96001183306134 0.0144043462056088 0.016909743479516 -999
0.0441358884399798 0.0652061932685896 0.0527289469389863 0.00488496885643135 0.0388577124091332 0.0160934205454893 0.494428388651225 -999
0.955864111560019 0.93479380673141 0.947271053061014 0.995115031143568 0.961142287590866 0.983906579454512 0.505571611348775 -999
0.95842694936374 0.944102528773365 0.937802347092725 0.995240625311294 0.961993485232009 0.984959631234737 0.508039184412873 -999
0.0415730506362597 0.055897471226635 0.0621976529072748 0.00475937468870484 0.0380065147679915 0.0150403687652623 0.491960815587127 -999
0.0460076189786304 0.0580838832395688 0.0534278264565277 0.00473174201237934 0.961989588076166 0.0134376390896654 0.0143798124379438 -999
0.95399238102137 0.941916116760431 0.946572173543473 0.995268257987621 0.0380104119238337 0.986562360910334 0.985620187562056 -999
0.956792454435547 0.946892131295108 0.946120690207487 0.995723277309245 0.0405699560979217 0.98570135536878 0.98289153598208 -999
0.043207545564452 0.0531078687048915 0.053879309792513 0.00427672269075626 0.959430043902079 0.0142986446312216 0.0171084640179207 -999
0.783351858130421 0.525132019406624 0.381686491539684 0.995409937203271 0.981564601385926 0.985074819039353 0.98381365897845 -999
0.216648141869578 0.474867980593376 0.618313508460316 0.00459006279672913 0.0184353986140743 0.0149251809606465 0.0161863410215495 -999
0.216372510040821 0.460580970758006 0.609626191184171 0.0045129849480562 0.0201374804011259 0.0439034929663847 0.015354160229786 -999
0.783627489959179 0.539419029241994 0.390373808815829 0.995487015051944 0.979862519598875 0.956096507033615 0.984645839770214 -999
0.956800246966555 0.938517475674152 0.947724235038643 0.995364087903273 0.981644102478769 0.954067203127407 0.985353162630239 -999
0.0431997530334446 0.0614825243258484 0.0522757649613576 0.00463591209672763 0.0183558975212306 0.045932796872594 0.0146468373697611 -999
0.95833789255629 0.94172704305182 0.32500211489399 0.995095942120306 0.979119066007897 0.984489289398668 0.983548550357108 -999
0.0416621074437112 0.05827295694818 0.674997885106009 0.00490405787969351 0.0208809339921028 0.0155107106013325 0.0164514496428935 -999
0.784930192938071 0.944483553921785 0.669481554964644 0.980429280014137 0.0402568112352878 0.955154425418556 0.969422755580791 -999
0.215069807061929 0.0555164460782148 0.330518445035355 0.019570719985862 0.959743188764712 0.0448455745814442 0.0305772444192087 -999
0.215549847686604 0.0565051758417435 0.944329557823871 0.0183952571380043 0.960137070289964 0.0435984182592086 0.0318220720589484 -999
0.784450152313397 0.943494824158256 0.0556704421761289 0.981604742861995 0.0398629297100353 0.956401581740792 0.968177927941051 -999
0.0475677507572785 0.0556198303777572 0.0568527154936134 0.00434617383226547 0.0389754150275106 0.0149401159883811 0.500302855864692 -999
0.952432249242721 0.944380169622242 0.943147284506387 0.995653826167736 0.96102458497249 0.985059884011618 0.499697144135307 -999
0.959479170799946 0.950804891367751 0.947993964949183 0.99533733528022 0.961541017822696 0.984999010521653 0.524050645249569 -999
0.0405208292000537 0.0491951086322479 0.0520060350508166 0.00466266471977969 0.0384589821773041 0.0150009894783471 0.475949354750431 -999
0.956595576106149 0.943587095341914 0.943798767492442 0.995017463881538 0.982395852182467 0.985813283440052 0.968288943065186 -999
0.0434044238938512 0.0564129046580868 0.0562012325075579 0.00498253611846049 0.0176041478175333 0.0141867165599478 0.0317110569348156 -999
0.955958340103823 0.0578222100191695 0.0586108036116306 0.995399103000999 0.0393715073180933 0.122597653093906 0.985559901424931 -999
0.0440416598961774 0.942177789980831 0.941389196388369 0.00460089699900168 0.960628492681907 0.877402346906095 0.0144400985750688 -999
0.0462810203131776 0.943696804072239 0.944059263849156 0.00445506058520222 0.958856956818713 0.882818089560186 0.0151079909294057 -999
0.953718979686823 0.0563031959277614 0.055940736150843 0.995544939414798 0.0411430431812875 0.117181910439815 0.984892009070595 -999
0.0423932525422007 0.0652649322114386 0.0573806283601678 0.0050878618610325 0.0209770557393277 0.197144059677802 0.0143398846217472 -999
0.957606747457798 0.934735067788561 0.942619371639832 0.994912138138968 0.979022944260672 0.802855940322198 0.985660115378253 -999
0.954363037381275 0.944438186490251 0.944004412625241 0.995493817314875 0.980835811314186 0.810011514697884 0.983644739391703 -999
0.0456369626187253 0.0555618135097487 0.055995587374759 0.00450618268512534 0.0191641886858126 0.189988485302117 0.0163552606082976 -999
0.0405983152046328 0.0598726171668544 0.0570852437467175 0.00464598024121876 0.959373253502623 0.0149455672809823 0.0151302767811335 -999
0.959401684795367 0.940127382833147 0.942914756253282 0.995354019758781 0.0406267464973764 0.985054432719017 0.984869723218866 -999
0.957074395327304 0.936139698994623 0.943564237044063 0.995701188163626 0.0413143727024919 0.984858539668251 0.982901968971946 -999
0.0429256046726962 0.0638603010053764 0.0564357629559367 0.00429881183637516 0.958685627297508 0.0151414603317493 0.0170980310280537 -999
0.0425516115226467 0.0597974982262449 0.0522914020545677 0.990213023755719 0.0193103363569379 0.0144790300885537 0.330608258445325 -999
0.957448388477354 0.940202501773754 0.947708597945431 0.00978697624428005 0.980689663643063 0.985520969911447 0.669391741554677 -999
0.957099821842087 0.938077748385428 0.944547858035152 0.0101477091243801 0.980983070171162 0.985014145468289 0.664933221586731 -999
0.0429001781579127 0.061922251614573 0.0554521419648481 0.98985229087562 0.0190169298288378 0.0149858545317108 0.335066778413269 -999
0.955908160619745 0.939707109209097 0.0548688279216152 0.994883498204739 0.0401452582621598 0.0164439624892201 0.984429325801804 -999
0.0440918393802553 0.0602928907909032 0.945131172078385 0.00511650179526067 0.959854741737841 0.98355603751078 0.0155706741981955 -999
0.0436632803731093 0.0642543086085202 0.939861776144157 0.00476363358590006 0.961906431336879 0.983828864870287 0.0152385423225379 -999
0.95633671962689 0.93574569139148 0.0601382238558433 0.9952363664141 0.0380935686631213 0.016171135129714 0.984761457677462 -999
0.0403422335373775 0.0587766086770734 0.0557593693258056 0.00511966178075139 0.94239865715583 0.013695350115639 0.0330021273110781 -999
0.959657766462623 0.941223391322928 0.944240630674194 0.994880338219249 0.0576013428441706 0.986304649884361 0.966997872688922 -999
0.9533344930663 0.938786858987147 0.941666092819234 0.995552246682417 0.0599969046563602 0.986914919149647 0.969371547393046 -999
0.0466655069337012 0.0612131410128519 0.0583339071807667 0.00444775331758303 0.940003095343639 0.0130850808503527 0.0306284526069533 -999
0.0401352848123652 0.0589802426118085 0.0559462156592915 0.00482921104851997 0.554114902180502 0.0139811241865962 0.017115285294482 -999
0.959864715187635 0.941019757388191 0.944053784340709 0.99517078895148 0.445885097819498 0.986018875813404 0.982884714705519 -999
0.958165571401994 0.936926541761065 0.945112346820929 0.995082340826981 0.445309215316459 0.984935249802083 0.984573319610151 -999
0.0418344285980055 0.063073458238935 0.0548876531790718 0.00491765917301959 0.554690784683541 0.0150647501979174 0.0154266803898503 -999
0.0447981592184323 0.940749687908091 0.0587476345794197 0.00456675252983162 0.0213199772079905 0.0135285733821299 0.0158840028661715 -999
0.955201840781568 0.0592503120919086 0.94125236542058 0.995433247470168 0.97868002279201 0.98647142661787 0.984115997133828 -999
0.95634077158171 0.0576416101883695 0.942520709427305 0.995239904783753 0.981154826512108 0.984298136157684 0.983564540887778 -999
0.0436592284182901 0.942358389811631 0.0574792905726959 0.0047600952162469 0.0188451734878909 0.0157018638423165 0.0164354591122221 -999
0.0433923797321371 0.0585505965114284 0.0552178802161146 0.00485331326416093 0.961120405943356 0.0151881602949414 0.0155092158795733 -999
0.956607620267864 0.941449403488572 0.944782119783886 0.995146686735839 0.0388795940566442 0.984811839705059 0.984490784120426 -999
0.956517815220822 0.94195620302192 0.940207339587823 0.995063910852305 0.0385706264475116 0.986331912370673 0.984367939221848 -999
0.0434821847791777 0.0580437969780804 0.0597926604121764 0.00493608914769546 0.961429373552489 0.0136680876293282 0.0156320607781522 -999
0.786812915910822 0.942549913768182 0.0563064226904448 0.00933884335806534 0.0193111594080529 0.0724781675227113 0.0167214167328412 -999
0.213187084089178 0.0574500862318172 0.943693577309555 0.990661156641935 0.980688840591947 0.927521832477289 0.983278583267159 -999
0.214578539346493 0.0599715385634257 0.941476225083833 0.990935054499652 0.979668364407817 0.924730415711184 0.982331377497304 -999
0.785421460653506 0.940028461436574 0.0585237749161665 0.00906494550034863 0.0203316355921833 0.0752695842888171 0.0176686225026961 -999
0.957679216725168 0.944537396646941 0.329668085440868 0.918826337055999 0.980528710782814 0.733513355993166 0.983820219293311 -999
0.0423207832748323 0.05546260335306 0.670331914559132 0.0811736629440007 0.0194712892171866 0.266486644006835 0.0161797807066889 -999
0.0452384953761523 0.0604629781648547 0.665873611606235 0.079384229575019 0.0193007963024948 0.268237370474053 0.0151827612798472 -999
0.954761504623848 0.939537021835145 0.334126388393765 0.920615770424981 0.980699203697505 0.731762629525947 0.984817238720153 -999
0.0448506317566342 0.940425633971489 0.0567747625627927 0.00463270743090289 0.959170108837689 0.985079608886665 0.0160122234266617 -999
0.955149368243365 0.0595743660285111 0.943225237437207 0.995367292569098 0.0408298911623104 0.0149203911133345 0.983987776573338 -999
0.952600636863303 0.0630921792002314 0.947579478581393 0.995567290513216 0.0408315882220091 0.0151069494427005 0.984533505248514 -999
0.047399363136697 0.936907820799769 0.0524205214186076 0.00443270948678351 0.959168411777991 0.984893050557299 0.0154664947514851 -999
0.0456069262758022 0.945347419117291 0.0601248918104162 0.00492787420221884 0.0396956876315317 0.0155302728159118 0.0153984007026983 -999
0.954393073724199 0.0546525808827097 0.939875108189584 0.99507212579778 0.960304312368468 0.984469727184089 0.984601599297302 -999
0.955415592055095 0.941078579727538 0.945377644502674 0.99489819592379 0.960543300095784 0.984929583794777 0.982763262845057 -999
0.0445844079449049 0.0589214202724631 0.0546223554973266 0.0051018040762098 0.0394566999042161 0.0150704162052228 0.0172367371549432 -999
0.957447279378943 0.0609381231842135 0.940943026735613 0.995500571978427 0.98066876879415 0.984178244027513 0.984459851694475 -999
0.0425527206210564 0.939061876815786 0.0590569732643871 0.00449942802157314 0.0193312312058501 0.0158217559724863 0.0155401483055249 -999
0.040534895239582 0.0603336336125039 0.0494268217558777 0.00443825721308008 0.0194208998123868 0.22324940071378 0.0164842792637542 -999
0.959465104760419 0.939666366387498 0.950573178244121 0.995561742786919 0.980579100187613 0.77675059928622 0.983515720736246 -999
0.958854327516294 0.940709200261312 0.941324770227176 0.995449915391349 0.980550640582193 0.775913879546834 0.984593610769447 -999
0.0411456724837062 0.0592907997386881 0.0586752297728241 0.00455008460865089 0.0194493594178069 0.224086120453166 0.0154063892305536 -999
0.0415183843549609 0.0594731673617533 0.0508860254592632 0.0185674806666101 0.0193733101040325 0.210750070326439 0.0161197986619131 -999
0.95848161564504 0.940526832638247 0.949113974540737 0.98143251933339 0.980626689895968 0.78924992967356 0.983880201338087 -999
0.95733397234929 0.941565589771015 0.94778294311313 0.98033137364892 0.981756944899062 0.793418851683827 0.9838084137384 -999
0.0426660276507106 0.0584344102289853 0.0522170568868699 0.0196686263510812 0.0182430551009377 0.206581148316174 0.0161915862615996 -999
0.0427117107577092 0.0556903003940771 0.0565262447779126 0.0097007303115246 0.959779953090175 0.0141569441552222 0.0155443600610402 -999
0.957288289242291 0.944309699605922 0.943473755222087 0.990299269688475 0.040220046909824 0.985843055844778 0.98445563993896 -999
0.961254972999148 0.940860177690192 0.948039747331914 0.990902850413618 0.0383714143483838 0.986087221362051 0.983150184306283 -999
0.0387450270008523 0.0591398223098071 0.0519602526680855 0.00909714958638201 0.961628585651616 0.0139127786379495 0.0168498156937177 -999
0.957714670384564 0.943957885332254 0.0566058996131198 0.990515265729612 0.98039297439799 0.985091408193936 0.984032659038813 -999
0.0422853296154361 0.0560421146677454 0.94339410038688 0.00948473427038735 0.0196070256020092 0.0149085918060641 0.0159673409611867 -999
0.954231264810543 0.0574521444104919 0.941091293066421 0.995251278800616 0.0419974106840018 0.0155571364435013 0.983997767588999 -999
0.0457687351894581 0.942547855589508 0.0589087069335792 0.00474872119938418 0.958002589315997 0.984442863556499 0.0160022324110022 -999
0.0433356856172935 0.93744763510079 0.941818494819574 0.00900658514940427 0.957612030184598 0.985362176485449 0.0156197427688183 -999
0.956664314382706 0.062552364899209 0.0581815051804261 0.990993414850595 0.0423879698154022 0.0146378235145506 0.984380257231181 -999
0.0418208032536836 0.0610838062503895 0.0570153466046227 0.00529799527469519 0.960285295231378 0.0149471823132746 0.0151726762969001 -999
0.958179196746316 0.938916193749611 0.942984653395377 0.994702004725305 0.0397147047686218 0.985052817686725 0.984827323703101 -999
0.952264911061986 0.944748401001737 0.948534728982421 0.99507170498268 0.0394259444199526 0.98410511536568 0.983472510342738 -999
0.0477350889380151 0.0552515989982632 0.0514652710175788 0.00492829501731968 0.960574055580047 0.0158948846343202 0.0165274896572617 -999
0.215737141521085 0.940455581597319 0.0598466852221474 0.99494689147168 0.0404437494522855 0.491856089465667 0.448251059861633 -999
0.784262858478915 0.0595444184026822 0.940153314777852 0.00505310852832108 0.959556250547714 0.508143910534333 0.551748940138367 -999
0.786704158874244 0.0576604286054051 0.942347516913085 0.00521780807683214 0.959393787867537 0.505273111027162 0.55112546323946 -999
0.213295841125756 0.942339571394594 0.0576524830869143 0.994782191923168 0.0406062121324631 0.494726888972838 0.44887453676054 -999
0.0445664936955452 0.937682534804536 0.058949823252835 0.00475018145887191 0.020380627084404 0.0132507660079332 0.0154159369377955 -999
0.955433506304455 0.0623174651954646 0.941050176747165 0.995249818541128 0.979619372915596 0.986749233992066 0.984584063062205 -999
0.956601345815566 0.0611508660029144 0.943614708796644 0.994732462693692 0.978311141309979 0.985559277145977 0.985931339713191 -999
0.0433986541844343 0.938849133997086 0.0563852912033566 0.00526753730630791 0.0216888586900204 0.0144407228540232 0.0140686602868089 -999
0.0410792080204798 0.0587919144939458 0.0537567117646456 0.00441693740589741 0.0185970358783757 0.103768388018346 0.0317404196111206 -999
0.95892079197952 0.941208085506054 0.946243288235354 0.995583062594102 0.981402964121624 0.896231611981655 0.96825958038888 -999
0.957156097473856 0.941604584052436 0.94392030697444 0.995188483962121 0.979207504986477 0.897756371726715 0.968489970421569 -999
0.0428439025261433 0.0583954159475648 0.0560796930255603 0.00481151603787861 0.0207924950135216 0.102243628273285 0.0315100295784309 -999
0.0388239709953527 0.0569861079807451 0.0536308613649136 0.00469009227117725 0.0180123949581706 0.240210340460216 0.0158301622205998 -999
0.961176029004647 0.943013892019256 0.946369138635085 0.995309907728823 0.98198760504183 0.759789659539784 0.984169837779401 -999
0.957674861066905 0.940691528127338 0.947777040937462 0.994996484678516 0.978916888268493 0.762502964977234 0.983485013531408 -999
0.0423251389330946 0.0593084718726623 0.0522229590625385 0.00500351532148456 0.0210831117315075 0.237497035022766 0.0165149864685918 -999
0.0440909292935509 0.525327485017324 0.0558139538818531 0.0046125530953967 0.0208679395320858 0.0153107129236455 0.0158729499818618 -999
0.955909070706449 0.474672514982676 0.944186046118147 0.995387446904603 0.979132060467914 0.984689287076354 0.984127050018139 -999
0.95957977735873 0.467760568231417 0.940529714084677 0.995525446751862 0.981682710287749 0.985097135615787 0.985010547482902 -999
0.0404202226412699 0.532239431768583 0.0594702859153235 0.00447455324813785 0.0183172897122511 0.0149028643842133 0.0149894525170977 -999
0.0439197257119814 0.0562214192076321 0.0503115880632956 0.0048578901463515 0.376833950472684 0.0155566180538606 0.0155871686093193 -999
0.956080274288018 0.943778580792368 0.949688411936705 0.995142109853648 0.623166049527316 0.98444338194614 0.984412831390682 -999
0.955172852291134 0.942800644536438 0.946270444442469 0.995711939312399 0.619595224503758 0.983758455910529 0.984237055588214 -999
0.0448271477088661 0.0571993554635624 0.0537295555575316 0.00428806068760028 0.380404775496243 0.0162415440894711 0.0157629444117861 -999
0.956229715438512 0.941463667846048 0.111732561667303 0.995310245133275 0.978684124846907 0.986108184053098 0.966686990232353 -999
0.0437702845614876 0.0585363321539523 0.888267438332697 0.00468975486672489 0.0213158751530928 0.0138918159469034 0.0333130097676468 -999
0.0409749639136823 0.0577390043438283 0.89601446737129 0.00486482601137983 0.0184929721826311 0.0133601483562527 0.0312066016966455 -999
0.959025036086318 0.942260995656172 0.103985532628709 0.995135173988621 0.981507027817369 0.986639851643747 0.968793398303355 -999
0.046280656588436 0.0564646008845492 0.337905023255984 0.00466222702054494 0.0197646536107033 0.0150459184641202 0.0160603480112656 -999
0.953719343411564 0.94353539911545 0.662094976744016 0.995337772979456 0.980235346389297 0.98495408153588 0.983939651988735 -999
0.959096654189336 0.945338375308058 0.662100261455086 0.995127060645821 0.980796294121936 0.984994923672773 0.984814136784693 -999
0.0409033458106635 0.0546616246919416 0.337899738544914 0.00487293935417881 0.0192037058780644 0.0150050763272279 0.0151858632153063 -999
0.043030830096225 0.0544401371650619 0.0609686584930641 0.671874192639167 0.0184073894892437 0.014055008280818 0.144234094833679 -999
0.956969169903775 0.945559862834938 0.939031341506936 0.328125807360833 0.981592610510756 0.985944991719183 0.855765905166321 -999
0.958667079275491 0.943369577177162 0.94979190470585 0.326148909126847 0.980380287853143 0.985187414413078 0.855401821912655 -999
0.0413329207245087 0.0566304228228387 0.0502080952941491 0.673851090873153 0.0196197121468563 0.0148125855869227 0.144598178087345 -999
0.0437968528558315 0.0621421257110495 0.0574597317621734 0.00415868711921178 0.919080621804621 0.0154598510398583 0.0155787591271071 -999
0.956203147144169 0.93785787428895 0.942540268237826 0.995841312880788 0.0809193781953787 0.984540148960143 0.984421240872893 -999
0.954228002550817 0.939659833226144 0.943461809353911 0.995584896927603 0.0789989062990686 0.984923116079581 0.984359729160936 -999
0.0457719974491826 0.0603401667738557 0.0565381906460896 0.00441510307239643 0.921001093700931 0.0150768839204185 0.0156402708390637 -999
0.0438195110076236 0.0585767130036395 0.338538407395313 0.00466126524990065 0.0217412567202695 0.0150899579528285 0.0157518478639253 -999
0.956180488992377 0.941423286996361 0.661461592604686 0.9953387347501 0.97825874327973 0.984910042047172 0.984248152136075 -999
0.956085332900772 0.944125012252251 0.669902616865324 0.995916111637449 0.980496804140801 0.984603840202686 0.984134286420642 -999
0.0439146670992271 0.0558749877477492 0.330097383134676 0.00408388836254915 0.0195031958591985 0.0153961597973139 0.0158657135793577 -999
0.956334946931334 0.945015073312895 0.337928502923412 0.994821564276373 0.980404080140203 0.984562639712333 0.983899687018909 -999
0.0436650530686657 0.054984926687105 0.662071497076588 0.00517843572362763 0.0195959198597968 0.0154373602876668 0.0161003129810914 -999
0.0388936713732281 0.0626199152278675 0.669147107522256 0.0049193212750048 0.0199641267601258 0.0141908489759147 0.015762203827569 -999
0.961106328626773 0.937380084772133 0.330852892477745 0.995080678724995 0.980035873239874 0.985809151024086 0.984237796172431 -999
0.040889399853439 0.0587960173904435 0.0560298939997616 0.00474147332000414 0.597227401890372 0.0150484114045927 0.0160784885757804 -999
0.959110600146562 0.941203982609556 0.943970106000238 0.995258526679995 0.402772598109628 0.984951588595408 0.98392151142422 -999
0.959095532867691 0.944152857860635 0.947136308529732 0.995199226589314 0.400438387654928 0.984672238414012 0.984328726665963 -999
0.0409044671323088 0.0558471421393645 0.0528636914702679 0.00480077341068677 0.599561612345072 0.0153277615859897 0.015671273334037 -999
0.0514953673652827 0.0643720658997956 0.112155319183023 0.00462426167909069 0.0203490646374426 0.985126890211115 0.0148372847848028 -999
0.948504632634717 0.935627934100204 0.887844680816978 0.995375738320909 0.979650935362557 0.0148731097888849 0.985162715215197 -999
0.95498052594094 0.944697390688683 0.901112092467386 0.994793140318005 0.979158528387393 0.0154353445327754 0.984505753952702 -999
0.0450194740590598 0.0553026093113182 0.098887907532613 0.00520685968199476 0.0208414716126061 0.984564655467224 0.0154942460472974 -999
0.0449065741832264 0.0587377503183925 0.279841996132224 0.00522491722196695 0.0191128029892382 0.10731434586057 0.0169385961045961 -999
0.955093425816774 0.941262249681608 0.720158003867776 0.994775082778034 0.980887197010761 0.89268565413943 0.983061403895404 -999
0.956400651542277 0.940921351512816 0.725356315415603 0.995380147030938 0.981409636050101 0.896374173089726 0.984707666788095 -999
0.0435993484577236 0.0590786484871847 0.274643684584398 0.00461985296906152 0.0185903639498987 0.103625826910274 0.0152923332119062 -999
0.0431668518119667 0.0586857066321313 0.0565581225640283 0.00491415251947803 0.0213479183454494 0.710133798797816 0.0151593319424001 -999
0.956833148188034 0.941314293367868 0.943441877435971 0.995085847480522 0.978652081654551 0.289866201202183 0.9848406680576 -999
0.952766994383855 0.94218122437061 0.944277317035 0.994963432779857 0.978582673415925 0.285524707260599 0.983616126516258 -999
0.047233005616145 0.0578187756293902 0.0557226829649987 0.00503656722014295 0.0214173265840752 0.714475292739401 0.0163838734837415 -999
0.951071748471159 0.939749733334613 0.0537743693751565 0.994990602978652 0.977738130657611 0.984694317446884 0.983605435805392 -999
0.0489282515288418 0.0602502666653862 0.946225630624843 0.0050093970213478 0.0222618693423884 0.0153056825531156 0.0163945641946089 -999
0.0441962927431607 0.0622413080623381 0.942868781579296 0.00458463804516776 0.0202288757416845 0.0146305982342995 0.0151283901726493 -999
0.955803707256839 0.937758691937662 0.0571312184207049 0.995415361954832 0.979771124258315 0.985369401765701 0.984871609827351 -999
0.916499405585484 0.0559505856855464 0.0550150603629451 0.00933695098453222 0.0207820101832207 0.0146225739530563 0.0153690506111222 -999
0.0835005944145168 0.944049414314454 0.944984939637055 0.990663049015468 0.979217989816778 0.985377426046944 0.984630949388878 -999
0.0928801395092833 0.943642494426203 0.945327495879216 0.990598829641586 0.981062881367881 0.986011997887286 0.983638900936534 -999
0.907119860490717 0.0563575055737969 0.0546725041207843 0.00940117035841406 0.0189371186321185 0.0139880021127138 0.0163610990634664 -999
0.954659090590475 0.937296898889027 0.332362726621056 0.995107996018344 0.980611164053932 0.984779213446377 0.982523403311132 -999
0.0453409094095255 0.0627031011109734 0.667637273378944 0.00489200398165588 0.0193888359460683 0.0152207865536227 0.0174765966888685 -999
0.043999532638805 0.0631583956389632 0.668668260721168 0.00474462391037388 0.0200746064381988 0.0151660319092751 0.0167730044281038 -999
0.956000467361195 0.936841604361037 0.331331739278831 0.995255376089627 0.979925393561801 0.984833968090725 0.983226995571896 -999
0.0444050708502418 0.0576946655085685 0.0571897555880174 0.99507913928327 0.0196536355221448 0.0141235444148675 0.286397359272469 -999
0.955594929149758 0.942305334491431 0.942810244411982 0.00492086071673036 0.980346364477855 0.985876455585132 0.713602640727531 -999
0.955087495874554 0.944269053110515 0.940479724270953 0.00473440134202113 0.981063098630884 0.985797368072354 0.714265943106377 -999
0.0449125041254462 0.055730946889485 0.0595202757290473 0.995265598657979 0.0189369013691169 0.014202631927645 0.285734056893623 -999
0.0449586177975739 0.0618510940506724 0.0540629531975087 0.00984579930447766 0.0201376260941328 0.389108821121969 0.0159152777105246 -999
0.955041382202427 0.938148905949327 0.945937046802491 0.990154200695522 0.979862373905867 0.610891178878032 0.984084722289475 -999
0.954170690395859 0.943748357863163 0.943822522904174 0.990840008556545 0.980539963179796 0.61050910256575 0.985848409330839 -999
0.0458293096041403 0.0562516421368361 0.0561774770958256 0.00915999144345567 0.0194600368202035 0.389490897434249 0.0141515906691617 -999
-999 -999 -999 -999 -999 -999 -999 -999
-999 -999 -999 -999 -999 -999 -999 -999
