41.5417 7.7875 3
38.6656 7.0847 3
38.6656 7.0847 3
38.6656 7.0847 3
38.6656 7.0847 3
41.5417 7.7875 3
41.5653 6.8808 3
41.5653 6.8808 3
41.5653 6.8808 3
42.0511 8.5611 3
42.0511 8.5611 3
42.0511 8.5611 3
40.5761 8.5269 3
40.5761 8.5269 3
40.5761 8.5269 3
38.6656 7.0847 3
41.8534 1.2316 5
41.8534 1.2316 5
41.8534 1.2316 5
46.7605 17.2553 7
46.7605 17.2553 7
46.7605 17.2553 7
46.7605 17.2553 7
46.7605 17.2553 7
47.6852 19.1279 7
47.6852 19.1279 7
47.6852 19.1279 7
50.2283 14.6138 7
50.2283 14.6138 7
50.2283 14.6138 7
50.2283 14.6138 7
50.2283 14.6138 7
50.2283 14.6138 7
47.6852 19.1279 7
47.6852 19.1279 7
47.6852 19.1279 7
45.9803 8.6443 5
45.9803 8.6443 5
45.9803 8.6443 5
45.9803 8.6443 5
45.9803 8.6443 5
45.9803 8.6443 5
45.9803 8.6443 5
41.8534 1.2316 5
67.5012 49.3144 4
67.5012 49.3144 4
67.5012 49.3144 4
67.5012 49.3144 4
67.5012 49.3144 4
45.3865 47.3427 4
45.3865 47.3427 4
55.955 110.7073 4
55.955 110.7073 4
55.955 110.7073 4
63.8296 38.4573 4
63.508 41.6216 4
63.508 41.6216 4
63.508 41.6216 4
43.0584 26.9534 4
43.0584 26.9534 4
43.0584 26.9534 4
63.5768 83.8644 4
63.5768 83.8644 4
63.5768 83.8644 4
45.7669 47.8862 4
45.7669 47.8862 4
66.1592 32.6471 4
66.1592 32.6471 4
66.1592 32.6471 4
51.259 106.4982 4
51.259 106.4982 4
51.259 106.4982 4
51.259 106.4982 4
51.259 106.4982 4
45.2481 37.4975 6
55.865 38.001 4
55.865 38.001 4
55.865 38.001 4
54.3206 84.3938 4
54.3206 84.3938 4
54.3206 84.3938 4
54.3206 84.3938 4
54.3206 84.3938 4
62.5689 130.8861 4
62.5689 130.8861 4
62.5689 130.8861 4
62.5689 130.8861 4
62.5689 130.8861 4
67.0291 51.1275 4
67.0291 51.1275 4
49.2421 43.9255 6
49.2421 43.9255 6
54.8451 37.9849 4
68.1305 53.5269 4
68.1305 53.5269 4
68.1305 53.5269 4
68.1305 53.5269 4
64.1414 41.7653 4
64.1414 41.7653 4
64.1414 41.7653 4
65.0007 41.2693 4
65.0007 41.2693 4
65.0007 41.2693 4
65.0007 41.2693 4
64.4561 40.5813 4
64.4561 40.5813 4
64.4561 40.5813 4
43.7365 4.1428 7
43.7365 4.1428 7
45.7697 18.0661 7
41.8534 1.2316 5
41.8534 1.2316 5
41.8534 1.2316 5
42.0096 3.1249 5
42.0096 3.1249 5
39.3176 0.3962 5
39.3114 0.3205 5
43.0895 12.1532 5
44.1845 11.2759 5
43.0895 12.1532 5
44.1845 11.2759 5
44.1845 11.2759 5
43.0895 12.1532 5
43.0895 12.1532 5
44.1845 11.2759 5
44.1845 11.2759 5
44.1845 11.2759 5
44.1845 11.2759 5
44.1845 11.2759 5
44.1845 11.2759 5
44.1845 11.2759 5
44.1845 11.2759 5
44.1845 11.2759 5
45.9803 8.6443 5
45.9803 8.6443 5
45.9803 8.6443 5
46.014 11.2862 5
46.014 11.2862 5
45.9803 8.6443 5
52.2921 113.0898 4
52.2897 106.4839 4
52.2897 106.4839 4
51.4176 106.5433 4
51.4176 106.5433 4
51.4176 106.5433 4
51.4176 106.5433 4
51.56 107.009 4
51.56 107.009 4
51.56 107.009 4
51.56 107.009 4
51.8473 107.5583 4
51.8473 107.5583 4
52.5972 111.5001 4
52.5972 111.5001 4
52.5972 111.5001 4
52.5972 111.5001 4
52.5972 111.5001 4
52.5972 111.5001 4
52.1555 106.2637 4
52.1555 106.2637 4
52.1555 106.2637 4
52.1555 106.2637 4
52.1555 106.2637 4
51.7699 36.2186 4
51.7699 36.2186 4
51.7699 36.2186 4
51.563 43.153 6
51.563 43.153 6
51.563 43.153 6
48.4244 44.9181 4
46.8762 39.6995 6
46.8762 39.6995 6
61.2785 48.6681 4
64.9542 37.5186 4
64.8767 38.9809 4
64.8767 38.9809 4
44.9497 39.3544 6
44.9497 39.3544 6
44.9497 39.3544 6
45.3539 39.8053 6
45.3539 39.8053 6
45.3539 39.8053 6
45.3539 39.8053 6
48.3406 40.1096 6
48.3406 40.1096 6
48.3406 40.1096 6
47.8438 39.903 6
47.3582 40.0632 6
47.3582 40.0632 6
47.3582 40.0632 6
45.2655 37.3708 6
45.2655 37.3708 6
54.6603 39.8371 4
54.6603 39.8371 4
54.6603 39.8371 4
50.7131 51.3808 4
50.7131 51.3808 4
50.7131 51.3808 4
50.7131 51.3808 4
50.7131 51.3808 4
51.7699 36.2186 4
36.465 36.3799 1
36.4298 36.3833 1
36.4298 36.3833 1
36.4298 36.3833 1
36.4298 36.3833 1
36.4298 36.3833 1
36.4298 36.3833 1
43.198 40.3031 4
64.9542 37.5186 4
64.9542 37.5186 4
44.9497 39.3544 6
44.9497 39.3544 6
44.9497 39.3544 6
44.9497 39.3544 6
44.9497 39.3544 6
44.9497 39.3544 6
44.9497 39.3544 6
45.3539 39.8053 6
45.3539 39.8053 6
45.3539 39.8053 6
45.3539 39.8053 6
45.3539 39.8053 6
45.3539 39.8053 6
45.3539 39.8053 6
61.3079 38.8429 4
61.3079 38.8429 4
61.3079 38.8429 4
45.2655 37.3708 6
45.2655 37.3708 6
45.2655 37.3708 6
45.2655 37.3708 6
45.2655 37.3708 6
45.2655 37.3708 6
45.2655 37.3708 6
54.6603 39.8371 4
54.9798 41.7753 4
54.8958 55.8891 4
54.8958 55.8891 4
54.8958 55.8891 4
54.8958 55.8891 4
47.2531 47.0418 4
47.2531 47.0418 4
47.2531 47.0418 4
55.7012 36.7209 4
55.7012 36.7209 4
56.4631 29.1139 4
49.8012 82.6261 4
49.8012 82.6261 4
49.8012 82.6261 4
49.8012 82.6261 4
42.9604 47.5423 4
42.9604 47.5423 4
45.8427 39.0525 6
45.8427 39.0525 6
45.8427 39.0525 6
46.0837 38.9769 6
46.0837 38.9769 6
46.0837 38.9769 6
44.8929 38.8456 6
44.8929 38.8456 6
44.8929 38.8456 6
46.5481 39.0661 6
46.5732 39.6331 6
46.5732 39.6331 6
46.5732 39.6331 6
36.4962 36.4807 1
36.4962 36.4807 1
36.4962 36.4807 1
36.4962 36.4807 1
36.4962 36.4807 1
37.4159 49.4385 2
37.4159 49.4385 2
37.4159 49.4385 2
37.4159 49.4385 2
37.4159 49.4385 2
36.8365 54.0009 2
36.8365 54.0009 2
36.8365 54.0009 2
39.9707 41.8891 2
39.9707 41.8891 2
36.7374 28.8087 1
36.7374 28.8087 1
36.7374 28.8087 1
36.7374 28.8087 1
36.7374 28.8087 1
40.2252 28.0528 4
40.2252 28.0528 4
40.2252 28.0528 4
40.2252 28.0528 4
40.2252 28.0528 4
40.1363 28.6744 4
40.1363 28.6744 4
40.1363 28.6744 4
40.1363 28.6744 4
40.1363 28.6744 4
40.7128 30.1753 4
40.7128 30.1753 4
40.7128 30.1753 4
40.7128 30.1753 4
39.4166 28.1007 4
39.4166 28.1007 4
40.1299 27.9395 4
41.4281 27.0989 1
40.7687 26.5147 1
40.7687 26.5147 1
41.2097 27.1168 1
40.5658 43.0602 2
40.5658 43.0602 2
40.5658 43.0602 2
40.5658 43.0602 2
40.5658 43.0602 2
46.9377 7.1244 4
46.9053 7.0559 7
46.9053 7.0559 7
47.0109 6.9806 4
46.8053 6.7456 7
47.204 8.7169 7
47.204 8.7169 7
47.204 8.7169 7
47.3669 8.6708 7
47.3669 8.6708 7
47.573 8.572 7
47.573 8.572 7
47.573 8.572 7
47.1471 7.3709 7
47.1471 7.3709 7
46.9377 7.1244 4
46.5619 6.1692 7
47.134 8.1895 7
47.134 8.1895 7
47.134 8.1895 7
46.1473 8.7788 5
46.1473 8.7788 5
46.1473 8.7788 5
46.1473 8.7788 5
46.1473 8.7788 5
46.1473 8.7788 5
46.1473 8.7788 5
47.1135 9.4982 7
47.128 9.301 7
47.128 9.301 7
46.1473 8.7788 5
47.5829 8.2343 7
47.5829 8.2343 7
47.5829 8.2343 7
47.1737 8.1254 7
47.0236 8.4638 7
47.0236 8.4638 7
47.0236 8.4638 7
47.0236 8.4638 7
47.0236 8.4638 7
47.3738 8.3169 7
47.3738 8.3169 7
47.1024 8.6308 7
47.1024 8.6308 7
47.0109 6.9806 4
50.3291 8.871 4
52.3148 30.9532 4
52.3148 30.9532 4
50.8387 39.0757 6
47.87 27.2552 7
47.87 27.2552 7
47.87 27.2552 7
47.87 27.2552 7
47.87 27.2552 7
47.2847 29.1252 4
47.2847 29.1252 4
47.2847 29.1252 4
47.2847 29.1252 4
47.2847 29.1252 4
46.6859 48.0747 4
43.3919 1.6915 7
43.3919 1.6915 7
43.3919 1.6915 7
61.111 32.5514 4
47.4646 40.4793 6
47.4646 40.4793 6
47.4646 40.4793 6
48.0994 46.0826 4
48.0994 46.0826 4
53.1362 48.2646 4
53.1362 48.2646 4
53.1362 48.2646 4
51.7089 46.7015 4
51.7089 46.7015 4
51.7089 46.7015 4
53.2206 50.4691 4
53.2206 50.4691 4
53.2206 50.4691 4
53.7409 24.2122 4
53.7409 24.2122 4
53.523 24.1952 4
53.523 24.1952 4
53.523 24.1952 4
53.523 24.1952 4
53.523 24.1952 4
54.8865 26.9015 4
54.8865 26.9015 4
55.5932 39.5758 4
54.7708 31.2857 4
54.7708 31.2857 4
54.7708 31.2857 4
53.3957 83.7952 4
53.3957 83.7952 4
53.3957 83.7952 4
52.4996 85.1734 4
52.4996 85.1734 4
52.4996 85.1734 4
51.9716 85.7618 4
51.9716 85.7618 4
51.9716 85.7618 4
56.8834 59.0467 4
56.8834 59.0467 4
56.8834 59.0467 4
57.3551 56.9098 4
60.3818 56.5051 4
60.3818 56.5051 4
60.3818 56.5051 4
57.2376 59.3228 4
57.2376 59.3228 4
57.2376 59.3228 4
56.1352 48.3343 4
56.1352 48.3343 4
56.1352 48.3343 4
43.698 39.6852 6
43.698 39.6852 6
43.698 39.6852 6
54.4591 20.1353 4
54.4591 20.1353 4
54.4591 20.1353 4
54.5229 22.0748 4
54.4959 21.1935 4
56.9702 60.7366 4
56.9702 60.7366 4
56.9702 60.7366 4
56.9702 60.7366 4
