430
423
416
406
392
391
386
384
371
380
386
380
377
376
378
378
366
353
356
355
346
342
323
306
302
276
284
282
298
299
301
296
287
291
286
285
275
271
276
265
263
248
241
223
221
227
242
255
254
232
244
231
238
246
260
243
245
253
262
260
262
244
231
203
203
204
206
204
194
198
197
185
190
181
171
150
145
148
139
136
132
122
115
109
114
113
113
116
111
104
93
93
94
89
85
75
73
68
78
75
80
75
77
79
68
77
71
72
78
99
87
82
73
68
57
56
53
55
58
63
55
57
54
60
64
61
55
51
57
59
62
63
56
53
47
57
43
50
50
43
39
35
29
37
34
25
32
26
29
29
38
33
39
45
52
37
30
31
35
33
26
26
22
21
22
17
28
22
22
28
26
30
34
46
44
43
53
49
45
50
46
41
36
36
36
40
41
44
44
42
48
43
40
40
36
30
28
26
23
21
19
24
25
25
30
30
36
32
36
43
35
30
36
34
35
34
43
48
46
36
27
28
30
29
30
36
33
23
21
21
19
20
22
32
42
48
59
63
61
62
56
50
48
50
60
60
47
54
54
51
49
43
41
43
41
48
56
53
56
47
36
26
30
34
22
22
18
20
25
21
18
23
20
24
24
28
31
25
25
33
31
28
31
26
22
22
19
23
21
22
21
16
19
22
21
21
27
31
29
30
26
27
35
40
46
39
33
34
37
36
35
36
33
41
35
25
30
28
24
20
26
28
37
37
39
33
36
41
40
41
37
38
39
45
66
65
50
45
38
53
49
52
51
51
37
33
32
29
31
35
38
47
37
32
32
32
36
32
31
42
39
43
45
53
71
60
47
42
46
50
46
50
55
62
50
39
45
42
36
33
27
29
24
19
20
19
19
18
23
25
28
31
30
39
41
40
37
28
34
31
31
33
33
30
39
33
35
31
41
45
43
43
46
41
48
52
51
55
51
44
50
50
45
34
36
30
26
33
41
37
35
45
38
29
34
27
17
22
23
25
34
26
22
25
32
25
24
29
28
29
35
31
29
39
46
34
31
32
42
44
43
42
45
49
42
44
39
44
37
42
59
76
78
73
85
85
81
66
58
53
41
47
53
60
55
50
44
38
42
49
53
50
48
38
38
38
39
33
30
31
