41.5417 7.7875 0.056980056980057 0.111111111111111 0.35042735042735 0.162393162393162 0.0512820512820513 0.145299145299145 0.122507122507123 0
38.6656 7.0847 0.056980056980057 0.111111111111111 0.35042735042735 0.162393162393162 0.0512820512820513 0.145299145299145 0.122507122507123 0
38.6656 7.0847 0.056980056980057 0.111111111111111 0.35042735042735 0.162393162393162 0.0512820512820513 0.145299145299145 0.122507122507123 0
38.6656 7.0847 0.056980056980057 0.111111111111111 0.35042735042735 0.162393162393162 0.0512820512820513 0.145299145299145 0.122507122507123 0
38.6656 7.0847 0.056980056980057 0.111111111111111 0.35042735042735 0.162393162393162 0.0512820512820513 0.145299145299145 0.122507122507123 0
41.5417 7.7875 0.056980056980057 0.111111111111111 0.35042735042735 0.162393162393162 0.0512820512820513 0.145299145299145 0.122507122507123 0
41.5653 6.8808 0.056980056980057 0.111111111111111 0.35042735042735 0.162393162393162 0.0512820512820513 0.145299145299145 0.122507122507123 0
41.5653 6.8808 0.056980056980057 0.111111111111111 0.35042735042735 0.162393162393162 0.0512820512820513 0.145299145299145 0.122507122507123 0
41.5653 6.8808 0.056980056980057 0.111111111111111 0.35042735042735 0.162393162393162 0.0512820512820513 0.145299145299145 0.122507122507123 0
42.0511 8.5611 0.056980056980057 0.111111111111111 0.35042735042735 0.162393162393162 0.0512820512820513 0.145299145299145 0.122507122507123 0
42.0511 8.5611 0.056980056980057 0.111111111111111 0.35042735042735 0.162393162393162 0.0512820512820513 0.145299145299145 0.122507122507123 0
42.0511 8.5611 0.056980056980057 0.111111111111111 0.35042735042735 0.162393162393162 0.0512820512820513 0.145299145299145 0.122507122507123 0
40.5761 8.5269 0.056980056980057 0.111111111111111 0.35042735042735 0.162393162393162 0.0512820512820513 0.145299145299145 0.122507122507123 0
40.5761 8.5269 0.056980056980057 0.111111111111111 0.35042735042735 0.162393162393162 0.0512820512820513 0.145299145299145 0.122507122507123 0
40.5761 8.5269 0.056980056980057 0.111111111111111 0.35042735042735 0.162393162393162 0.0512820512820513 0.145299145299145 0.122507122507123 0
38.6656 7.0847 0.056980056980057 0.111111111111111 0.35042735042735 0.162393162393162 0.0512820512820513 0.145299145299145 0.122507122507123 0
41.8534 1.2316 0.199430199430199 0.0911680911680912 0.056980056980057 0.165242165242165 0.276353276353276 0.0740740740740741 0.136752136752137 0
41.8534 1.2316 0.199430199430199 0.0911680911680912 0.056980056980057 0.165242165242165 0.276353276353276 0.0740740740740741 0.136752136752137 0
41.8534 1.2316 0.199430199430199 0.0911680911680912 0.056980056980057 0.165242165242165 0.276353276353276 0.0740740740740741 0.136752136752137 0
46.7605 17.2553 0.0655270655270655 0.11965811965812 0.0826210826210826 0.108262108262108 0.173789173789174 0.168091168091168 0.282051282051282 0
46.7605 17.2553 0.0655270655270655 0.11965811965812 0.0826210826210826 0.108262108262108 0.173789173789174 0.168091168091168 0.282051282051282 0
46.7605 17.2553 0.0655270655270655 0.11965811965812 0.0826210826210826 0.108262108262108 0.173789173789174 0.168091168091168 0.282051282051282 0
46.7605 17.2553 0.0655270655270655 0.11965811965812 0.0826210826210826 0.108262108262108 0.173789173789174 0.168091168091168 0.282051282051282 0
46.7605 17.2553 0.0655270655270655 0.11965811965812 0.0826210826210826 0.108262108262108 0.173789173789174 0.168091168091168 0.282051282051282 0
47.6852 19.1279 0.0655270655270655 0.11965811965812 0.0826210826210826 0.108262108262108 0.173789173789174 0.168091168091168 0.282051282051282 0
47.6852 19.1279 0.0655270655270655 0.11965811965812 0.0826210826210826 0.108262108262108 0.173789173789174 0.168091168091168 0.282051282051282 0
47.6852 19.1279 0.0655270655270655 0.11965811965812 0.0826210826210826 0.108262108262108 0.173789173789174 0.168091168091168 0.282051282051282 0
50.2283 14.6138 0.0655270655270655 0.11965811965812 0.0826210826210826 0.108262108262108 0.173789173789174 0.168091168091168 0.282051282051282 0
50.2283 14.6138 0.0655270655270655 0.11965811965812 0.0826210826210826 0.108262108262108 0.173789173789174 0.168091168091168 0.282051282051282 0
50.2283 14.6138 0.0655270655270655 0.11965811965812 0.0826210826210826 0.108262108262108 0.173789173789174 0.168091168091168 0.282051282051282 0
50.2283 14.6138 0.0655270655270655 0.11965811965812 0.0826210826210826 0.108262108262108 0.173789173789174 0.168091168091168 0.282051282051282 0
50.2283 14.6138 0.0655270655270655 0.11965811965812 0.0826210826210826 0.108262108262108 0.173789173789174 0.168091168091168 0.282051282051282 0
50.2283 14.6138 0.0655270655270655 0.11965811965812 0.0826210826210826 0.108262108262108 0.173789173789174 0.168091168091168 0.282051282051282 0
47.6852 19.1279 0.0655270655270655 0.11965811965812 0.0826210826210826 0.108262108262108 0.173789173789174 0.168091168091168 0.282051282051282 0
47.6852 19.1279 0.0655270655270655 0.11965811965812 0.0826210826210826 0.108262108262108 0.173789173789174 0.168091168091168 0.282051282051282 0
47.6852 19.1279 0.0655270655270655 0.11965811965812 0.0826210826210826 0.108262108262108 0.173789173789174 0.168091168091168 0.282051282051282 0
45.9803 8.6443 0.199430199430199 0.0911680911680912 0.056980056980057 0.165242165242165 0.276353276353276 0.0740740740740741 0.136752136752137 0
45.9803 8.6443 0.199430199430199 0.0911680911680912 0.056980056980057 0.165242165242165 0.276353276353276 0.0740740740740741 0.136752136752137 0
45.9803 8.6443 0.199430199430199 0.0911680911680912 0.056980056980057 0.165242165242165 0.276353276353276 0.0740740740740741 0.136752136752137 0
45.9803 8.6443 0.199430199430199 0.0911680911680912 0.056980056980057 0.165242165242165 0.276353276353276 0.0740740740740741 0.136752136752137 0
45.9803 8.6443 0.199430199430199 0.0911680911680912 0.056980056980057 0.165242165242165 0.276353276353276 0.0740740740740741 0.136752136752137 0
45.9803 8.6443 0.199430199430199 0.0911680911680912 0.056980056980057 0.165242165242165 0.276353276353276 0.0740740740740741 0.136752136752137 0
45.9803 8.6443 0.199430199430199 0.0911680911680912 0.056980056980057 0.165242165242165 0.276353276353276 0.0740740740740741 0.136752136752137 0
41.8534 1.2316 0.199430199430199 0.0911680911680912 0.056980056980057 0.165242165242165 0.276353276353276 0.0740740740740741 0.136752136752137 0
67.5012 49.3144 0.111111111111111 0.0598290598290598 0.162393162393162 0.316239316239316 0.094017094017094 0.150997150997151 0.105413105413105 0
67.5012 49.3144 0.111111111111111 0.0598290598290598 0.162393162393162 0.316239316239316 0.094017094017094 0.150997150997151 0.105413105413105 0
67.5012 49.3144 0.111111111111111 0.0598290598290598 0.162393162393162 0.316239316239316 0.094017094017094 0.150997150997151 0.105413105413105 0
67.5012 49.3144 0.111111111111111 0.0598290598290598 0.162393162393162 0.316239316239316 0.094017094017094 0.150997150997151 0.105413105413105 0
67.5012 49.3144 0.111111111111111 0.0598290598290598 0.162393162393162 0.316239316239316 0.094017094017094 0.150997150997151 0.105413105413105 0
45.3865 47.3427 0.111111111111111 0.0598290598290598 0.162393162393162 0.316239316239316 0.094017094017094 0.150997150997151 0.105413105413105 0
45.3865 47.3427 0.111111111111111 0.0598290598290598 0.162393162393162 0.316239316239316 0.094017094017094 0.150997150997151 0.105413105413105 0
55.955 110.7073 0.111111111111111 0.0598290598290598 0.162393162393162 0.316239316239316 0.094017094017094 0.150997150997151 0.105413105413105 0
55.955 110.7073 0.111111111111111 0.0598290598290598 0.162393162393162 0.316239316239316 0.094017094017094 0.150997150997151 0.105413105413105 0
55.955 110.7073 0.111111111111111 0.0598290598290598 0.162393162393162 0.316239316239316 0.094017094017094 0.150997150997151 0.105413105413105 0
63.8296 38.4573 0.111111111111111 0.0598290598290598 0.162393162393162 0.316239316239316 0.094017094017094 0.150997150997151 0.105413105413105 0
63.508 41.6216 0.111111111111111 0.0598290598290598 0.162393162393162 0.316239316239316 0.094017094017094 0.150997150997151 0.105413105413105 0
63.508 41.6216 0.111111111111111 0.0598290598290598 0.162393162393162 0.316239316239316 0.094017094017094 0.150997150997151 0.105413105413105 0
63.508 41.6216 0.111111111111111 0.0598290598290598 0.162393162393162 0.316239316239316 0.094017094017094 0.150997150997151 0.105413105413105 0
43.0584 26.9534 0.111111111111111 0.0598290598290598 0.162393162393162 0.316239316239316 0.094017094017094 0.150997150997151 0.105413105413105 0
43.0584 26.9534 0.111111111111111 0.0598290598290598 0.162393162393162 0.316239316239316 0.094017094017094 0.150997150997151 0.105413105413105 0
43.0584 26.9534 0.111111111111111 0.0598290598290598 0.162393162393162 0.316239316239316 0.094017094017094 0.150997150997151 0.105413105413105 0
63.5768 83.8644 0.111111111111111 0.0598290598290598 0.162393162393162 0.316239316239316 0.094017094017094 0.150997150997151 0.105413105413105 0
63.5768 83.8644 0.111111111111111 0.0598290598290598 0.162393162393162 0.316239316239316 0.094017094017094 0.150997150997151 0.105413105413105 0
63.5768 83.8644 0.111111111111111 0.0598290598290598 0.162393162393162 0.316239316239316 0.094017094017094 0.150997150997151 0.105413105413105 0
45.7669 47.8862 0.111111111111111 0.0598290598290598 0.162393162393162 0.316239316239316 0.094017094017094 0.150997150997151 0.105413105413105 0
45.7669 47.8862 0.111111111111111 0.0598290598290598 0.162393162393162 0.316239316239316 0.094017094017094 0.150997150997151 0.105413105413105 0
66.1592 32.6471 0.111111111111111 0.0598290598290598 0.162393162393162 0.316239316239316 0.094017094017094 0.150997150997151 0.105413105413105 0
66.1592 32.6471 0.111111111111111 0.0598290598290598 0.162393162393162 0.316239316239316 0.094017094017094 0.150997150997151 0.105413105413105 0
66.1592 32.6471 0.111111111111111 0.0598290598290598 0.162393162393162 0.316239316239316 0.094017094017094 0.150997150997151 0.105413105413105 0
51.259 106.4982 0.111111111111111 0.0598290598290598 0.162393162393162 0.316239316239316 0.094017094017094 0.150997150997151 0.105413105413105 0
51.259 106.4982 0.111111111111111 0.0598290598290598 0.162393162393162 0.316239316239316 0.094017094017094 0.150997150997151 0.105413105413105 0
51.259 106.4982 0.111111111111111 0.0598290598290598 0.162393162393162 0.316239316239316 0.094017094017094 0.150997150997151 0.105413105413105 0
51.259 106.4982 0.111111111111111 0.0598290598290598 0.162393162393162 0.316239316239316 0.094017094017094 0.150997150997151 0.105413105413105 0
51.259 106.4982 0.111111111111111 0.0598290598290598 0.162393162393162 0.316239316239316 0.094017094017094 0.150997150997151 0.105413105413105 0
45.2481 37.4975 0.145299145299145 0.173789173789174 0.0968660968660969 0.0968660968660969 0.116809116809117 0.239316239316239 0.131054131054131 0
55.865 38.001 0.111111111111111 0.0598290598290598 0.162393162393162 0.316239316239316 0.094017094017094 0.150997150997151 0.105413105413105 0
55.865 38.001 0.111111111111111 0.0598290598290598 0.162393162393162 0.316239316239316 0.094017094017094 0.150997150997151 0.105413105413105 0
55.865 38.001 0.111111111111111 0.0598290598290598 0.162393162393162 0.316239316239316 0.094017094017094 0.150997150997151 0.105413105413105 0
54.3206 84.3938 0.111111111111111 0.0598290598290598 0.162393162393162 0.316239316239316 0.094017094017094 0.150997150997151 0.105413105413105 0
54.3206 84.3938 0.111111111111111 0.0598290598290598 0.162393162393162 0.316239316239316 0.094017094017094 0.150997150997151 0.105413105413105 0
54.3206 84.3938 0.111111111111111 0.0598290598290598 0.162393162393162 0.316239316239316 0.094017094017094 0.150997150997151 0.105413105413105 0
54.3206 84.3938 0.111111111111111 0.0598290598290598 0.162393162393162 0.316239316239316 0.094017094017094 0.150997150997151 0.105413105413105 0
54.3206 84.3938 0.111111111111111 0.0598290598290598 0.162393162393162 0.316239316239316 0.094017094017094 0.150997150997151 0.105413105413105 0
62.5689 130.8861 0.111111111111111 0.0598290598290598 0.162393162393162 0.316239316239316 0.094017094017094 0.150997150997151 0.105413105413105 0
62.5689 130.8861 0.111111111111111 0.0598290598290598 0.162393162393162 0.316239316239316 0.094017094017094 0.150997150997151 0.105413105413105 0
62.5689 130.8861 0.111111111111111 0.0598290598290598 0.162393162393162 0.316239316239316 0.094017094017094 0.150997150997151 0.105413105413105 0
62.5689 130.8861 0.111111111111111 0.0598290598290598 0.162393162393162 0.316239316239316 0.094017094017094 0.150997150997151 0.105413105413105 0
62.5689 130.8861 0.111111111111111 0.0598290598290598 0.162393162393162 0.316239316239316 0.094017094017094 0.150997150997151 0.105413105413105 0
67.0291 51.1275 0.111111111111111 0.0598290598290598 0.162393162393162 0.316239316239316 0.094017094017094 0.150997150997151 0.105413105413105 0
67.0291 51.1275 0.111111111111111 0.0598290598290598 0.162393162393162 0.316239316239316 0.094017094017094 0.150997150997151 0.105413105413105 0
49.2421 43.9255 0.145299145299145 0.173789173789174 0.0968660968660969 0.0968660968660969 0.116809116809117 0.239316239316239 0.131054131054131 0
49.2421 43.9255 0.145299145299145 0.173789173789174 0.0968660968660969 0.0968660968660969 0.116809116809117 0.239316239316239 0.131054131054131 0
54.8451 37.9849 0.111111111111111 0.0598290598290598 0.162393162393162 0.316239316239316 0.094017094017094 0.150997150997151 0.105413105413105 0
68.1305 53.5269 0.111111111111111 0.0598290598290598 0.162393162393162 0.316239316239316 0.094017094017094 0.150997150997151 0.105413105413105 0
68.1305 53.5269 0.111111111111111 0.0598290598290598 0.162393162393162 0.316239316239316 0.094017094017094 0.150997150997151 0.105413105413105 0
68.1305 53.5269 0.111111111111111 0.0598290598290598 0.162393162393162 0.316239316239316 0.094017094017094 0.150997150997151 0.105413105413105 0
68.1305 53.5269 0.111111111111111 0.0598290598290598 0.162393162393162 0.316239316239316 0.094017094017094 0.150997150997151 0.105413105413105 0
64.1414 41.7653 0.111111111111111 0.0598290598290598 0.162393162393162 0.316239316239316 0.094017094017094 0.150997150997151 0.105413105413105 0
64.1414 41.7653 0.111111111111111 0.0598290598290598 0.162393162393162 0.316239316239316 0.094017094017094 0.150997150997151 0.105413105413105 0
64.1414 41.7653 0.111111111111111 0.0598290598290598 0.162393162393162 0.316239316239316 0.094017094017094 0.150997150997151 0.105413105413105 0
65.0007 41.2693 0.111111111111111 0.0598290598290598 0.162393162393162 0.316239316239316 0.094017094017094 0.150997150997151 0.105413105413105 0
65.0007 41.2693 0.111111111111111 0.0598290598290598 0.162393162393162 0.316239316239316 0.094017094017094 0.150997150997151 0.105413105413105 0
65.0007 41.2693 0.111111111111111 0.0598290598290598 0.162393162393162 0.316239316239316 0.094017094017094 0.150997150997151 0.105413105413105 0
65.0007 41.2693 0.111111111111111 0.0598290598290598 0.162393162393162 0.316239316239316 0.094017094017094 0.150997150997151 0.105413105413105 0
64.4561 40.5813 0.111111111111111 0.0598290598290598 0.162393162393162 0.316239316239316 0.094017094017094 0.150997150997151 0.105413105413105 0
64.4561 40.5813 0.111111111111111 0.0598290598290598 0.162393162393162 0.316239316239316 0.094017094017094 0.150997150997151 0.105413105413105 0
64.4561 40.5813 0.111111111111111 0.0598290598290598 0.162393162393162 0.316239316239316 0.094017094017094 0.150997150997151 0.105413105413105 0
43.7365 4.1428 0.0655270655270655 0.11965811965812 0.0826210826210826 0.108262108262108 0.173789173789174 0.168091168091168 0.282051282051282 0
43.7365 4.1428 0.0655270655270655 0.11965811965812 0.0826210826210826 0.108262108262108 0.173789173789174 0.168091168091168 0.282051282051282 0
45.7697 18.0661 0.0655270655270655 0.11965811965812 0.0826210826210826 0.108262108262108 0.173789173789174 0.168091168091168 0.282051282051282 0
41.8534 1.2316 0.199430199430199 0.0911680911680912 0.056980056980057 0.165242165242165 0.276353276353276 0.0740740740740741 0.136752136752137 0
41.8534 1.2316 0.199430199430199 0.0911680911680912 0.056980056980057 0.165242165242165 0.276353276353276 0.0740740740740741 0.136752136752137 0
41.8534 1.2316 0.199430199430199 0.0911680911680912 0.056980056980057 0.165242165242165 0.276353276353276 0.0740740740740741 0.136752136752137 0
42.0096 3.1249 0.199430199430199 0.0911680911680912 0.056980056980057 0.165242165242165 0.276353276353276 0.0740740740740741 0.136752136752137 0
42.0096 3.1249 0.199430199430199 0.0911680911680912 0.056980056980057 0.165242165242165 0.276353276353276 0.0740740740740741 0.136752136752137 0
39.3176 0.3962 0.199430199430199 0.0911680911680912 0.056980056980057 0.165242165242165 0.276353276353276 0.0740740740740741 0.136752136752137 0
39.3114 0.3205 0.199430199430199 0.0911680911680912 0.056980056980057 0.165242165242165 0.276353276353276 0.0740740740740741 0.136752136752137 0
43.0895 12.1532 0.199430199430199 0.0911680911680912 0.056980056980057 0.165242165242165 0.276353276353276 0.0740740740740741 0.136752136752137 0
44.1845 11.2759 0.199430199430199 0.0911680911680912 0.056980056980057 0.165242165242165 0.276353276353276 0.0740740740740741 0.136752136752137 0
43.0895 12.1532 0.199430199430199 0.0911680911680912 0.056980056980057 0.165242165242165 0.276353276353276 0.0740740740740741 0.136752136752137 0
44.1845 11.2759 0.199430199430199 0.0911680911680912 0.056980056980057 0.165242165242165 0.276353276353276 0.0740740740740741 0.136752136752137 0
44.1845 11.2759 0.199430199430199 0.0911680911680912 0.056980056980057 0.165242165242165 0.276353276353276 0.0740740740740741 0.136752136752137 0
43.0895 12.1532 0.199430199430199 0.0911680911680912 0.056980056980057 0.165242165242165 0.276353276353276 0.0740740740740741 0.136752136752137 0
43.0895 12.1532 0.199430199430199 0.0911680911680912 0.056980056980057 0.165242165242165 0.276353276353276 0.0740740740740741 0.136752136752137 0
44.1845 11.2759 0.199430199430199 0.0911680911680912 0.056980056980057 0.165242165242165 0.276353276353276 0.0740740740740741 0.136752136752137 0
44.1845 11.2759 0.199430199430199 0.0911680911680912 0.056980056980057 0.165242165242165 0.276353276353276 0.0740740740740741 0.136752136752137 0
44.1845 11.2759 0.199430199430199 0.0911680911680912 0.056980056980057 0.165242165242165 0.276353276353276 0.0740740740740741 0.136752136752137 0
44.1845 11.2759 0.199430199430199 0.0911680911680912 0.056980056980057 0.165242165242165 0.276353276353276 0.0740740740740741 0.136752136752137 0
44.1845 11.2759 0.199430199430199 0.0911680911680912 0.056980056980057 0.165242165242165 0.276353276353276 0.0740740740740741 0.136752136752137 0
44.1845 11.2759 0.199430199430199 0.0911680911680912 0.056980056980057 0.165242165242165 0.276353276353276 0.0740740740740741 0.136752136752137 0
44.1845 11.2759 0.199430199430199 0.0911680911680912 0.056980056980057 0.165242165242165 0.276353276353276 0.0740740740740741 0.136752136752137 0
44.1845 11.2759 0.199430199430199 0.0911680911680912 0.056980056980057 0.165242165242165 0.276353276353276 0.0740740740740741 0.136752136752137 0
44.1845 11.2759 0.199430199430199 0.0911680911680912 0.056980056980057 0.165242165242165 0.276353276353276 0.0740740740740741 0.136752136752137 0
45.9803 8.6443 0.199430199430199 0.0911680911680912 0.056980056980057 0.165242165242165 0.276353276353276 0.0740740740740741 0.136752136752137 0
45.9803 8.6443 0.199430199430199 0.0911680911680912 0.056980056980057 0.165242165242165 0.276353276353276 0.0740740740740741 0.136752136752137 0
45.9803 8.6443 0.199430199430199 0.0911680911680912 0.056980056980057 0.165242165242165 0.276353276353276 0.0740740740740741 0.136752136752137 0
46.014 11.2862 0.199430199430199 0.0911680911680912 0.056980056980057 0.165242165242165 0.276353276353276 0.0740740740740741 0.136752136752137 0
46.014 11.2862 0.199430199430199 0.0911680911680912 0.056980056980057 0.165242165242165 0.276353276353276 0.0740740740740741 0.136752136752137 0
45.9803 8.6443 0.199430199430199 0.0911680911680912 0.056980056980057 0.165242165242165 0.276353276353276 0.0740740740740741 0.136752136752137 0
52.2921 113.0898 0.111111111111111 0.0598290598290598 0.162393162393162 0.316239316239316 0.094017094017094 0.150997150997151 0.105413105413105 0
52.2897 106.4839 0.111111111111111 0.0598290598290598 0.162393162393162 0.316239316239316 0.094017094017094 0.150997150997151 0.105413105413105 0
52.2897 106.4839 0.111111111111111 0.0598290598290598 0.162393162393162 0.316239316239316 0.094017094017094 0.150997150997151 0.105413105413105 0
51.4176 106.5433 0.111111111111111 0.0598290598290598 0.162393162393162 0.316239316239316 0.094017094017094 0.150997150997151 0.105413105413105 0
51.4176 106.5433 0.111111111111111 0.0598290598290598 0.162393162393162 0.316239316239316 0.094017094017094 0.150997150997151 0.105413105413105 0
51.4176 106.5433 0.111111111111111 0.0598290598290598 0.162393162393162 0.316239316239316 0.094017094017094 0.150997150997151 0.105413105413105 0
51.4176 106.5433 0.111111111111111 0.0598290598290598 0.162393162393162 0.316239316239316 0.094017094017094 0.150997150997151 0.105413105413105 0
51.56 107.009 0.111111111111111 0.0598290598290598 0.162393162393162 0.316239316239316 0.094017094017094 0.150997150997151 0.105413105413105 0
51.56 107.009 0.111111111111111 0.0598290598290598 0.162393162393162 0.316239316239316 0.094017094017094 0.150997150997151 0.105413105413105 0
51.56 107.009 0.111111111111111 0.0598290598290598 0.162393162393162 0.316239316239316 0.094017094017094 0.150997150997151 0.105413105413105 0
51.56 107.009 0.111111111111111 0.0598290598290598 0.162393162393162 0.316239316239316 0.094017094017094 0.150997150997151 0.105413105413105 0
51.8473 107.5583 0.111111111111111 0.0598290598290598 0.162393162393162 0.316239316239316 0.094017094017094 0.150997150997151 0.105413105413105 0
51.8473 107.5583 0.111111111111111 0.0598290598290598 0.162393162393162 0.316239316239316 0.094017094017094 0.150997150997151 0.105413105413105 0
52.5972 111.5001 0.111111111111111 0.0598290598290598 0.162393162393162 0.316239316239316 0.094017094017094 0.150997150997151 0.105413105413105 0
52.5972 111.5001 0.111111111111111 0.0598290598290598 0.162393162393162 0.316239316239316 0.094017094017094 0.150997150997151 0.105413105413105 0
52.5972 111.5001 0.111111111111111 0.0598290598290598 0.162393162393162 0.316239316239316 0.094017094017094 0.150997150997151 0.105413105413105 0
52.5972 111.5001 0.111111111111111 0.0598290598290598 0.162393162393162 0.316239316239316 0.094017094017094 0.150997150997151 0.105413105413105 0
52.5972 111.5001 0.111111111111111 0.0598290598290598 0.162393162393162 0.316239316239316 0.094017094017094 0.150997150997151 0.105413105413105 0
52.5972 111.5001 0.111111111111111 0.0598290598290598 0.162393162393162 0.316239316239316 0.094017094017094 0.150997150997151 0.105413105413105 0
52.1555 106.2637 0.111111111111111 0.0598290598290598 0.162393162393162 0.316239316239316 0.094017094017094 0.150997150997151 0.105413105413105 0
52.1555 106.2637 0.111111111111111 0.0598290598290598 0.162393162393162 0.316239316239316 0.094017094017094 0.150997150997151 0.105413105413105 0
52.1555 106.2637 0.111111111111111 0.0598290598290598 0.162393162393162 0.316239316239316 0.094017094017094 0.150997150997151 0.105413105413105 0
52.1555 106.2637 0.111111111111111 0.0598290598290598 0.162393162393162 0.316239316239316 0.094017094017094 0.150997150997151 0.105413105413105 0
52.1555 106.2637 0.111111111111111 0.0598290598290598 0.162393162393162 0.316239316239316 0.094017094017094 0.150997150997151 0.105413105413105 0
51.7699 36.2186 0.111111111111111 0.0598290598290598 0.162393162393162 0.316239316239316 0.094017094017094 0.150997150997151 0.105413105413105 0
51.7699 36.2186 0.111111111111111 0.0598290598290598 0.162393162393162 0.316239316239316 0.094017094017094 0.150997150997151 0.105413105413105 0
51.7699 36.2186 0.111111111111111 0.0598290598290598 0.162393162393162 0.316239316239316 0.094017094017094 0.150997150997151 0.105413105413105 0
51.563 43.153 0.145299145299145 0.173789173789174 0.0968660968660969 0.0968660968660969 0.116809116809117 0.239316239316239 0.131054131054131 0
51.563 43.153 0.145299145299145 0.173789173789174 0.0968660968660969 0.0968660968660969 0.116809116809117 0.239316239316239 0.131054131054131 0
51.563 43.153 0.145299145299145 0.173789173789174 0.0968660968660969 0.0968660968660969 0.116809116809117 0.239316239316239 0.131054131054131 0
48.4244 44.9181 0.111111111111111 0.0598290598290598 0.162393162393162 0.316239316239316 0.094017094017094 0.150997150997151 0.105413105413105 0
46.8762 39.6995 0.145299145299145 0.173789173789174 0.0968660968660969 0.0968660968660969 0.116809116809117 0.239316239316239 0.131054131054131 0
46.8762 39.6995 0.145299145299145 0.173789173789174 0.0968660968660969 0.0968660968660969 0.116809116809117 0.239316239316239 0.131054131054131 0
61.2785 48.6681 0.111111111111111 0.0598290598290598 0.162393162393162 0.316239316239316 0.094017094017094 0.150997150997151 0.105413105413105 0
64.9542 37.5186 0.111111111111111 0.0598290598290598 0.162393162393162 0.316239316239316 0.094017094017094 0.150997150997151 0.105413105413105 0
64.8767 38.9809 0.111111111111111 0.0598290598290598 0.162393162393162 0.316239316239316 0.094017094017094 0.150997150997151 0.105413105413105 0
64.8767 38.9809 0.111111111111111 0.0598290598290598 0.162393162393162 0.316239316239316 0.094017094017094 0.150997150997151 0.105413105413105 0
44.9497 39.3544 0.145299145299145 0.173789173789174 0.0968660968660969 0.0968660968660969 0.116809116809117 0.239316239316239 0.131054131054131 0
44.9497 39.3544 0.145299145299145 0.173789173789174 0.0968660968660969 0.0968660968660969 0.116809116809117 0.239316239316239 0.131054131054131 0
44.9497 39.3544 0.145299145299145 0.173789173789174 0.0968660968660969 0.0968660968660969 0.116809116809117 0.239316239316239 0.131054131054131 0
45.3539 39.8053 0.145299145299145 0.173789173789174 0.0968660968660969 0.0968660968660969 0.116809116809117 0.239316239316239 0.131054131054131 0
45.3539 39.8053 0.145299145299145 0.173789173789174 0.0968660968660969 0.0968660968660969 0.116809116809117 0.239316239316239 0.131054131054131 0
45.3539 39.8053 0.145299145299145 0.173789173789174 0.0968660968660969 0.0968660968660969 0.116809116809117 0.239316239316239 0.131054131054131 0
45.3539 39.8053 0.145299145299145 0.173789173789174 0.0968660968660969 0.0968660968660969 0.116809116809117 0.239316239316239 0.131054131054131 0
48.3406 40.1096 0.145299145299145 0.173789173789174 0.0968660968660969 0.0968660968660969 0.116809116809117 0.239316239316239 0.131054131054131 0
48.3406 40.1096 0.145299145299145 0.173789173789174 0.0968660968660969 0.0968660968660969 0.116809116809117 0.239316239316239 0.131054131054131 0
48.3406 40.1096 0.145299145299145 0.173789173789174 0.0968660968660969 0.0968660968660969 0.116809116809117 0.239316239316239 0.131054131054131 0
47.8438 39.903 0.145299145299145 0.173789173789174 0.0968660968660969 0.0968660968660969 0.116809116809117 0.239316239316239 0.131054131054131 0
47.3582 40.0632 0.145299145299145 0.173789173789174 0.0968660968660969 0.0968660968660969 0.116809116809117 0.239316239316239 0.131054131054131 0
47.3582 40.0632 0.145299145299145 0.173789173789174 0.0968660968660969 0.0968660968660969 0.116809116809117 0.239316239316239 0.131054131054131 0
47.3582 40.0632 0.145299145299145 0.173789173789174 0.0968660968660969 0.0968660968660969 0.116809116809117 0.239316239316239 0.131054131054131 0
45.2655 37.3708 0.145299145299145 0.173789173789174 0.0968660968660969 0.0968660968660969 0.116809116809117 0.239316239316239 0.131054131054131 0
45.2655 37.3708 0.145299145299145 0.173789173789174 0.0968660968660969 0.0968660968660969 0.116809116809117 0.239316239316239 0.131054131054131 0
54.6603 39.8371 0.111111111111111 0.0598290598290598 0.162393162393162 0.316239316239316 0.094017094017094 0.150997150997151 0.105413105413105 0
54.6603 39.8371 0.111111111111111 0.0598290598290598 0.162393162393162 0.316239316239316 0.094017094017094 0.150997150997151 0.105413105413105 0
54.6603 39.8371 0.111111111111111 0.0598290598290598 0.162393162393162 0.316239316239316 0.094017094017094 0.150997150997151 0.105413105413105 0
50.7131 51.3808 0.111111111111111 0.0598290598290598 0.162393162393162 0.316239316239316 0.094017094017094 0.150997150997151 0.105413105413105 0
50.7131 51.3808 0.111111111111111 0.0598290598290598 0.162393162393162 0.316239316239316 0.094017094017094 0.150997150997151 0.105413105413105 0
50.7131 51.3808 0.111111111111111 0.0598290598290598 0.162393162393162 0.316239316239316 0.094017094017094 0.150997150997151 0.105413105413105 0
50.7131 51.3808 0.111111111111111 0.0598290598290598 0.162393162393162 0.316239316239316 0.094017094017094 0.150997150997151 0.105413105413105 0
50.7131 51.3808 0.111111111111111 0.0598290598290598 0.162393162393162 0.316239316239316 0.094017094017094 0.150997150997151 0.105413105413105 0
51.7699 36.2186 0.111111111111111 0.0598290598290598 0.162393162393162 0.316239316239316 0.094017094017094 0.150997150997151 0.105413105413105 0
36.465 36.3799 0.310541310541311 0.173789173789174 0.0968660968660969 0.0512820512820513 0.145299145299145 0.113960113960114 0.108262108262108 0
36.4298 36.3833 0.310541310541311 0.173789173789174 0.0968660968660969 0.0512820512820513 0.145299145299145 0.113960113960114 0.108262108262108 0
36.4298 36.3833 0.310541310541311 0.173789173789174 0.0968660968660969 0.0512820512820513 0.145299145299145 0.113960113960114 0.108262108262108 0
36.4298 36.3833 0.310541310541311 0.173789173789174 0.0968660968660969 0.0512820512820513 0.145299145299145 0.113960113960114 0.108262108262108 0
36.4298 36.3833 0.310541310541311 0.173789173789174 0.0968660968660969 0.0512820512820513 0.145299145299145 0.113960113960114 0.108262108262108 0
36.4298 36.3833 0.310541310541311 0.173789173789174 0.0968660968660969 0.0512820512820513 0.145299145299145 0.113960113960114 0.108262108262108 0
36.4298 36.3833 0.310541310541311 0.173789173789174 0.0968660968660969 0.0512820512820513 0.145299145299145 0.113960113960114 0.108262108262108 0
43.198 40.3031 0.111111111111111 0.0598290598290598 0.162393162393162 0.316239316239316 0.094017094017094 0.150997150997151 0.105413105413105 0
64.9542 37.5186 0.111111111111111 0.0598290598290598 0.162393162393162 0.316239316239316 0.094017094017094 0.150997150997151 0.105413105413105 0
64.9542 37.5186 0.111111111111111 0.0598290598290598 0.162393162393162 0.316239316239316 0.094017094017094 0.150997150997151 0.105413105413105 0
44.9497 39.3544 0.145299145299145 0.173789173789174 0.0968660968660969 0.0968660968660969 0.116809116809117 0.239316239316239 0.131054131054131 0
44.9497 39.3544 0.145299145299145 0.173789173789174 0.0968660968660969 0.0968660968660969 0.116809116809117 0.239316239316239 0.131054131054131 0
44.9497 39.3544 0.145299145299145 0.173789173789174 0.0968660968660969 0.0968660968660969 0.116809116809117 0.239316239316239 0.131054131054131 0
44.9497 39.3544 0.145299145299145 0.173789173789174 0.0968660968660969 0.0968660968660969 0.116809116809117 0.239316239316239 0.131054131054131 0
44.9497 39.3544 0.145299145299145 0.173789173789174 0.0968660968660969 0.0968660968660969 0.116809116809117 0.239316239316239 0.131054131054131 0
44.9497 39.3544 0.145299145299145 0.173789173789174 0.0968660968660969 0.0968660968660969 0.116809116809117 0.239316239316239 0.131054131054131 0
44.9497 39.3544 0.145299145299145 0.173789173789174 0.0968660968660969 0.0968660968660969 0.116809116809117 0.239316239316239 0.131054131054131 0
45.3539 39.8053 0.145299145299145 0.173789173789174 0.0968660968660969 0.0968660968660969 0.116809116809117 0.239316239316239 0.131054131054131 0
45.3539 39.8053 0.145299145299145 0.173789173789174 0.0968660968660969 0.0968660968660969 0.116809116809117 0.239316239316239 0.131054131054131 0
45.3539 39.8053 0.145299145299145 0.173789173789174 0.0968660968660969 0.0968660968660969 0.116809116809117 0.239316239316239 0.131054131054131 0
45.3539 39.8053 0.145299145299145 0.173789173789174 0.0968660968660969 0.0968660968660969 0.116809116809117 0.239316239316239 0.131054131054131 0
45.3539 39.8053 0.145299145299145 0.173789173789174 0.0968660968660969 0.0968660968660969 0.116809116809117 0.239316239316239 0.131054131054131 0
45.3539 39.8053 0.145299145299145 0.173789173789174 0.0968660968660969 0.0968660968660969 0.116809116809117 0.239316239316239 0.131054131054131 0
45.3539 39.8053 0.145299145299145 0.173789173789174 0.0968660968660969 0.0968660968660969 0.116809116809117 0.239316239316239 0.131054131054131 0
61.3079 38.8429 0.111111111111111 0.0598290598290598 0.162393162393162 0.316239316239316 0.094017094017094 0.150997150997151 0.105413105413105 0
61.3079 38.8429 0.111111111111111 0.0598290598290598 0.162393162393162 0.316239316239316 0.094017094017094 0.150997150997151 0.105413105413105 0
61.3079 38.8429 0.111111111111111 0.0598290598290598 0.162393162393162 0.316239316239316 0.094017094017094 0.150997150997151 0.105413105413105 0
45.2655 37.3708 0.145299145299145 0.173789173789174 0.0968660968660969 0.0968660968660969 0.116809116809117 0.239316239316239 0.131054131054131 0
45.2655 37.3708 0.145299145299145 0.173789173789174 0.0968660968660969 0.0968660968660969 0.116809116809117 0.239316239316239 0.131054131054131 0
45.2655 37.3708 0.145299145299145 0.173789173789174 0.0968660968660969 0.0968660968660969 0.116809116809117 0.239316239316239 0.131054131054131 0
45.2655 37.3708 0.145299145299145 0.173789173789174 0.0968660968660969 0.0968660968660969 0.116809116809117 0.239316239316239 0.131054131054131 0
45.2655 37.3708 0.145299145299145 0.173789173789174 0.0968660968660969 0.0968660968660969 0.116809116809117 0.239316239316239 0.131054131054131 0
45.2655 37.3708 0.145299145299145 0.173789173789174 0.0968660968660969 0.0968660968660969 0.116809116809117 0.239316239316239 0.131054131054131 0
45.2655 37.3708 0.145299145299145 0.173789173789174 0.0968660968660969 0.0968660968660969 0.116809116809117 0.239316239316239 0.131054131054131 0
54.6603 39.8371 0.111111111111111 0.0598290598290598 0.162393162393162 0.316239316239316 0.094017094017094 0.150997150997151 0.105413105413105 0
54.9798 41.7753 0.111111111111111 0.0598290598290598 0.162393162393162 0.316239316239316 0.094017094017094 0.150997150997151 0.105413105413105 0
54.8958 55.8891 0.111111111111111 0.0598290598290598 0.162393162393162 0.316239316239316 0.094017094017094 0.150997150997151 0.105413105413105 0
54.8958 55.8891 0.111111111111111 0.0598290598290598 0.162393162393162 0.316239316239316 0.094017094017094 0.150997150997151 0.105413105413105 0
54.8958 55.8891 0.111111111111111 0.0598290598290598 0.162393162393162 0.316239316239316 0.094017094017094 0.150997150997151 0.105413105413105 0
54.8958 55.8891 0.111111111111111 0.0598290598290598 0.162393162393162 0.316239316239316 0.094017094017094 0.150997150997151 0.105413105413105 0
47.2531 47.0418 0.111111111111111 0.0598290598290598 0.162393162393162 0.316239316239316 0.094017094017094 0.150997150997151 0.105413105413105 0
47.2531 47.0418 0.111111111111111 0.0598290598290598 0.162393162393162 0.316239316239316 0.094017094017094 0.150997150997151 0.105413105413105 0
47.2531 47.0418 0.111111111111111 0.0598290598290598 0.162393162393162 0.316239316239316 0.094017094017094 0.150997150997151 0.105413105413105 0
55.7012 36.7209 0.111111111111111 0.0598290598290598 0.162393162393162 0.316239316239316 0.094017094017094 0.150997150997151 0.105413105413105 0
55.7012 36.7209 0.111111111111111 0.0598290598290598 0.162393162393162 0.316239316239316 0.094017094017094 0.150997150997151 0.105413105413105 0
56.4631 29.1139 0.111111111111111 0.0598290598290598 0.162393162393162 0.316239316239316 0.094017094017094 0.150997150997151 0.105413105413105 0
49.8012 82.6261 0.111111111111111 0.0598290598290598 0.162393162393162 0.316239316239316 0.094017094017094 0.150997150997151 0.105413105413105 0
49.8012 82.6261 0.111111111111111 0.0598290598290598 0.162393162393162 0.316239316239316 0.094017094017094 0.150997150997151 0.105413105413105 0
49.8012 82.6261 0.111111111111111 0.0598290598290598 0.162393162393162 0.316239316239316 0.094017094017094 0.150997150997151 0.105413105413105 0
49.8012 82.6261 0.111111111111111 0.0598290598290598 0.162393162393162 0.316239316239316 0.094017094017094 0.150997150997151 0.105413105413105 0
42.9604 47.5423 0.111111111111111 0.0598290598290598 0.162393162393162 0.316239316239316 0.094017094017094 0.150997150997151 0.105413105413105 0
42.9604 47.5423 0.111111111111111 0.0598290598290598 0.162393162393162 0.316239316239316 0.094017094017094 0.150997150997151 0.105413105413105 0
45.8427 39.0525 0.145299145299145 0.173789173789174 0.0968660968660969 0.0968660968660969 0.116809116809117 0.239316239316239 0.131054131054131 0
45.8427 39.0525 0.145299145299145 0.173789173789174 0.0968660968660969 0.0968660968660969 0.116809116809117 0.239316239316239 0.131054131054131 0
45.8427 39.0525 0.145299145299145 0.173789173789174 0.0968660968660969 0.0968660968660969 0.116809116809117 0.239316239316239 0.131054131054131 0
46.0837 38.9769 0.145299145299145 0.173789173789174 0.0968660968660969 0.0968660968660969 0.116809116809117 0.239316239316239 0.131054131054131 0
46.0837 38.9769 0.145299145299145 0.173789173789174 0.0968660968660969 0.0968660968660969 0.116809116809117 0.239316239316239 0.131054131054131 0
46.0837 38.9769 0.145299145299145 0.173789173789174 0.0968660968660969 0.0968660968660969 0.116809116809117 0.239316239316239 0.131054131054131 0
44.8929 38.8456 0.145299145299145 0.173789173789174 0.0968660968660969 0.0968660968660969 0.116809116809117 0.239316239316239 0.131054131054131 0
44.8929 38.8456 0.145299145299145 0.173789173789174 0.0968660968660969 0.0968660968660969 0.116809116809117 0.239316239316239 0.131054131054131 0
44.8929 38.8456 0.145299145299145 0.173789173789174 0.0968660968660969 0.0968660968660969 0.116809116809117 0.239316239316239 0.131054131054131 0
46.5481 39.0661 0.145299145299145 0.173789173789174 0.0968660968660969 0.0968660968660969 0.116809116809117 0.239316239316239 0.131054131054131 0
46.5732 39.6331 0.145299145299145 0.173789173789174 0.0968660968660969 0.0968660968660969 0.116809116809117 0.239316239316239 0.131054131054131 0
46.5732 39.6331 0.145299145299145 0.173789173789174 0.0968660968660969 0.0968660968660969 0.116809116809117 0.239316239316239 0.131054131054131 0
46.5732 39.6331 0.145299145299145 0.173789173789174 0.0968660968660969 0.0968660968660969 0.116809116809117 0.239316239316239 0.131054131054131 0
36.4962 36.4807 0.310541310541311 0.173789173789174 0.0968660968660969 0.0512820512820513 0.145299145299145 0.113960113960114 0.108262108262108 0
36.4962 36.4807 0.310541310541311 0.173789173789174 0.0968660968660969 0.0512820512820513 0.145299145299145 0.113960113960114 0.108262108262108 0
36.4962 36.4807 0.310541310541311 0.173789173789174 0.0968660968660969 0.0512820512820513 0.145299145299145 0.113960113960114 0.108262108262108 0
36.4962 36.4807 0.310541310541311 0.173789173789174 0.0968660968660969 0.0512820512820513 0.145299145299145 0.113960113960114 0.108262108262108 0
36.4962 36.4807 0.310541310541311 0.173789173789174 0.0968660968660969 0.0512820512820513 0.145299145299145 0.113960113960114 0.108262108262108 0
37.4159 49.4385 0.111111111111111 0.270655270655271 0.153846153846154 0.0997150997150997 0.142450142450142 0.108262108262108 0.113960113960114 0
37.4159 49.4385 0.111111111111111 0.270655270655271 0.153846153846154 0.0997150997150997 0.142450142450142 0.108262108262108 0.113960113960114 0
37.4159 49.4385 0.111111111111111 0.270655270655271 0.153846153846154 0.0997150997150997 0.142450142450142 0.108262108262108 0.113960113960114 0
37.4159 49.4385 0.111111111111111 0.270655270655271 0.153846153846154 0.0997150997150997 0.142450142450142 0.108262108262108 0.113960113960114 0
37.4159 49.4385 0.111111111111111 0.270655270655271 0.153846153846154 0.0997150997150997 0.142450142450142 0.108262108262108 0.113960113960114 0
36.8365 54.0009 0.111111111111111 0.270655270655271 0.153846153846154 0.0997150997150997 0.142450142450142 0.108262108262108 0.113960113960114 0
36.8365 54.0009 0.111111111111111 0.270655270655271 0.153846153846154 0.0997150997150997 0.142450142450142 0.108262108262108 0.113960113960114 0
36.8365 54.0009 0.111111111111111 0.270655270655271 0.153846153846154 0.0997150997150997 0.142450142450142 0.108262108262108 0.113960113960114 0
39.9707 41.8891 0.111111111111111 0.270655270655271 0.153846153846154 0.0997150997150997 0.142450142450142 0.108262108262108 0.113960113960114 0
39.9707 41.8891 0.111111111111111 0.270655270655271 0.153846153846154 0.0997150997150997 0.142450142450142 0.108262108262108 0.113960113960114 0
36.7374 28.8087 0.310541310541311 0.173789173789174 0.0968660968660969 0.0512820512820513 0.145299145299145 0.113960113960114 0.108262108262108 0
36.7374 28.8087 0.310541310541311 0.173789173789174 0.0968660968660969 0.0512820512820513 0.145299145299145 0.113960113960114 0.108262108262108 0
36.7374 28.8087 0.310541310541311 0.173789173789174 0.0968660968660969 0.0512820512820513 0.145299145299145 0.113960113960114 0.108262108262108 0
36.7374 28.8087 0.310541310541311 0.173789173789174 0.0968660968660969 0.0512820512820513 0.145299145299145 0.113960113960114 0.108262108262108 0
36.7374 28.8087 0.310541310541311 0.173789173789174 0.0968660968660969 0.0512820512820513 0.145299145299145 0.113960113960114 0.108262108262108 0
40.2252 28.0528 0.111111111111111 0.0598290598290598 0.162393162393162 0.316239316239316 0.094017094017094 0.150997150997151 0.105413105413105 0
40.2252 28.0528 0.111111111111111 0.0598290598290598 0.162393162393162 0.316239316239316 0.094017094017094 0.150997150997151 0.105413105413105 0
40.2252 28.0528 0.111111111111111 0.0598290598290598 0.162393162393162 0.316239316239316 0.094017094017094 0.150997150997151 0.105413105413105 0
40.2252 28.0528 0.111111111111111 0.0598290598290598 0.162393162393162 0.316239316239316 0.094017094017094 0.150997150997151 0.105413105413105 0
40.2252 28.0528 0.111111111111111 0.0598290598290598 0.162393162393162 0.316239316239316 0.094017094017094 0.150997150997151 0.105413105413105 0
40.1363 28.6744 0.111111111111111 0.0598290598290598 0.162393162393162 0.316239316239316 0.094017094017094 0.150997150997151 0.105413105413105 0
40.1363 28.6744 0.111111111111111 0.0598290598290598 0.162393162393162 0.316239316239316 0.094017094017094 0.150997150997151 0.105413105413105 0
40.1363 28.6744 0.111111111111111 0.0598290598290598 0.162393162393162 0.316239316239316 0.094017094017094 0.150997150997151 0.105413105413105 0
40.1363 28.6744 0.111111111111111 0.0598290598290598 0.162393162393162 0.316239316239316 0.094017094017094 0.150997150997151 0.105413105413105 0
40.1363 28.6744 0.111111111111111 0.0598290598290598 0.162393162393162 0.316239316239316 0.094017094017094 0.150997150997151 0.105413105413105 0
40.7128 30.1753 0.111111111111111 0.0598290598290598 0.162393162393162 0.316239316239316 0.094017094017094 0.150997150997151 0.105413105413105 0
40.7128 30.1753 0.111111111111111 0.0598290598290598 0.162393162393162 0.316239316239316 0.094017094017094 0.150997150997151 0.105413105413105 0
40.7128 30.1753 0.111111111111111 0.0598290598290598 0.162393162393162 0.316239316239316 0.094017094017094 0.150997150997151 0.105413105413105 0
40.7128 30.1753 0.111111111111111 0.0598290598290598 0.162393162393162 0.316239316239316 0.094017094017094 0.150997150997151 0.105413105413105 0
39.4166 28.1007 0.111111111111111 0.0598290598290598 0.162393162393162 0.316239316239316 0.094017094017094 0.150997150997151 0.105413105413105 0
39.4166 28.1007 0.111111111111111 0.0598290598290598 0.162393162393162 0.316239316239316 0.094017094017094 0.150997150997151 0.105413105413105 0
40.1299 27.9395 0.111111111111111 0.0598290598290598 0.162393162393162 0.316239316239316 0.094017094017094 0.150997150997151 0.105413105413105 0
41.4281 27.0989 0.310541310541311 0.173789173789174 0.0968660968660969 0.0512820512820513 0.145299145299145 0.113960113960114 0.108262108262108 0
40.7687 26.5147 0.310541310541311 0.173789173789174 0.0968660968660969 0.0512820512820513 0.145299145299145 0.113960113960114 0.108262108262108 0
40.7687 26.5147 0.310541310541311 0.173789173789174 0.0968660968660969 0.0512820512820513 0.145299145299145 0.113960113960114 0.108262108262108 0
41.2097 27.1168 0.310541310541311 0.173789173789174 0.0968660968660969 0.0512820512820513 0.145299145299145 0.113960113960114 0.108262108262108 0
40.5658 43.0602 0.111111111111111 0.270655270655271 0.153846153846154 0.0997150997150997 0.142450142450142 0.108262108262108 0.113960113960114 0
40.5658 43.0602 0.111111111111111 0.270655270655271 0.153846153846154 0.0997150997150997 0.142450142450142 0.108262108262108 0.113960113960114 0
40.5658 43.0602 0.111111111111111 0.270655270655271 0.153846153846154 0.0997150997150997 0.142450142450142 0.108262108262108 0.113960113960114 0
40.5658 43.0602 0.111111111111111 0.270655270655271 0.153846153846154 0.0997150997150997 0.142450142450142 0.108262108262108 0.113960113960114 0
40.5658 43.0602 0.111111111111111 0.270655270655271 0.153846153846154 0.0997150997150997 0.142450142450142 0.108262108262108 0.113960113960114 0
46.9377 7.1244 0.111111111111111 0.0598290598290598 0.162393162393162 0.316239316239316 0.094017094017094 0.150997150997151 0.105413105413105 0
46.9053 7.0559 0.0655270655270655 0.11965811965812 0.128205128205128 0.113960113960114 0.168091168091168 0.122507122507123 0.282051282051282 0
46.9053 7.0559 0.0655270655270655 0.11965811965812 0.128205128205128 0.113960113960114 0.168091168091168 0.122507122507123 0.282051282051282 0
47.0109 6.9806 0.111111111111111 0.0598290598290598 0.162393162393162 0.316239316239316 0.094017094017094 0.150997150997151 0.105413105413105 0
46.8053 6.7456 0.0655270655270655 0.11965811965812 0.0883190883190883 0.108262108262108 0.173789173789174 0.162393162393162 0.282051282051282 0
47.204 8.7169 0.0655270655270655 0.11965811965812 0.0826210826210826 0.108262108262108 0.173789173789174 0.168091168091168 0.282051282051282 0
47.204 8.7169 0.0655270655270655 0.11965811965812 0.0826210826210826 0.108262108262108 0.173789173789174 0.168091168091168 0.282051282051282 0
47.204 8.7169 0.0655270655270655 0.11965811965812 0.0826210826210826 0.108262108262108 0.173789173789174 0.168091168091168 0.282051282051282 0
47.3669 8.6708 0.0655270655270655 0.11965811965812 0.0826210826210826 0.108262108262108 0.173789173789174 0.168091168091168 0.282051282051282 0
47.3669 8.6708 0.0655270655270655 0.11965811965812 0.0826210826210826 0.108262108262108 0.173789173789174 0.168091168091168 0.282051282051282 0
47.573 8.572 0.0655270655270655 0.11965811965812 0.0826210826210826 0.108262108262108 0.173789173789174 0.168091168091168 0.282051282051282 0
47.573 8.572 0.0655270655270655 0.11965811965812 0.0826210826210826 0.108262108262108 0.173789173789174 0.168091168091168 0.282051282051282 0
47.573 8.572 0.0655270655270655 0.11965811965812 0.0826210826210826 0.108262108262108 0.173789173789174 0.168091168091168 0.282051282051282 0
47.1471 7.3709 0.0655270655270655 0.11965811965812 0.0826210826210826 0.108262108262108 0.173789173789174 0.168091168091168 0.282051282051282 0
47.1471 7.3709 0.0655270655270655 0.11965811965812 0.0826210826210826 0.108262108262108 0.173789173789174 0.168091168091168 0.282051282051282 0
46.9377 7.1244 0.111111111111111 0.0598290598290598 0.162393162393162 0.316239316239316 0.094017094017094 0.150997150997151 0.105413105413105 0
46.5619 6.1692 0.0655270655270655 0.11965811965812 0.0883190883190883 0.108262108262108 0.173789173789174 0.162393162393162 0.282051282051282 0
47.134 8.1895 0.0655270655270655 0.11965811965812 0.0826210826210826 0.108262108262108 0.173789173789174 0.168091168091168 0.282051282051282 0
47.134 8.1895 0.0655270655270655 0.11965811965812 0.0826210826210826 0.108262108262108 0.173789173789174 0.168091168091168 0.282051282051282 0
47.134 8.1895 0.0655270655270655 0.11965811965812 0.0826210826210826 0.108262108262108 0.173789173789174 0.168091168091168 0.282051282051282 0
46.1473 8.7788 0.199430199430199 0.0911680911680912 0.056980056980057 0.165242165242165 0.276353276353276 0.0740740740740741 0.136752136752137 0
46.1473 8.7788 0.199430199430199 0.0911680911680912 0.056980056980057 0.165242165242165 0.276353276353276 0.0740740740740741 0.136752136752137 0
46.1473 8.7788 0.199430199430199 0.0911680911680912 0.056980056980057 0.165242165242165 0.276353276353276 0.0740740740740741 0.136752136752137 0
46.1473 8.7788 0.199430199430199 0.0911680911680912 0.056980056980057 0.165242165242165 0.276353276353276 0.0740740740740741 0.136752136752137 0
46.1473 8.7788 0.199430199430199 0.0911680911680912 0.056980056980057 0.165242165242165 0.276353276353276 0.0740740740740741 0.136752136752137 0
46.1473 8.7788 0.199430199430199 0.0911680911680912 0.056980056980057 0.165242165242165 0.276353276353276 0.0740740740740741 0.136752136752137 0
46.1473 8.7788 0.199430199430199 0.0911680911680912 0.056980056980057 0.165242165242165 0.276353276353276 0.0740740740740741 0.136752136752137 0
47.1135 9.4982 0.0655270655270655 0.11965811965812 0.0826210826210826 0.108262108262108 0.173789173789174 0.168091168091168 0.282051282051282 0
47.128 9.301 0.0655270655270655 0.11965811965812 0.0826210826210826 0.108262108262108 0.173789173789174 0.168091168091168 0.282051282051282 0
47.128 9.301 0.0655270655270655 0.11965811965812 0.0826210826210826 0.108262108262108 0.173789173789174 0.168091168091168 0.282051282051282 0
46.1473 8.7788 0.199430199430199 0.0911680911680912 0.056980056980057 0.165242165242165 0.276353276353276 0.0740740740740741 0.136752136752137 0
47.5829 8.2343 0.0655270655270655 0.11965811965812 0.0826210826210826 0.108262108262108 0.173789173789174 0.168091168091168 0.282051282051282 0
47.5829 8.2343 0.0655270655270655 0.11965811965812 0.0826210826210826 0.108262108262108 0.173789173789174 0.168091168091168 0.282051282051282 0
47.5829 8.2343 0.0655270655270655 0.11965811965812 0.0826210826210826 0.108262108262108 0.173789173789174 0.168091168091168 0.282051282051282 0
47.1737 8.1254 0.0655270655270655 0.11965811965812 0.0826210826210826 0.108262108262108 0.173789173789174 0.168091168091168 0.282051282051282 0
47.0236 8.4638 0.0655270655270655 0.11965811965812 0.0826210826210826 0.108262108262108 0.173789173789174 0.168091168091168 0.282051282051282 0
47.0236 8.4638 0.0655270655270655 0.11965811965812 0.0826210826210826 0.108262108262108 0.173789173789174 0.168091168091168 0.282051282051282 0
47.0236 8.4638 0.0655270655270655 0.11965811965812 0.0826210826210826 0.108262108262108 0.173789173789174 0.168091168091168 0.282051282051282 0
47.0236 8.4638 0.0655270655270655 0.11965811965812 0.0826210826210826 0.108262108262108 0.173789173789174 0.168091168091168 0.282051282051282 0
47.0236 8.4638 0.0655270655270655 0.11965811965812 0.0826210826210826 0.108262108262108 0.173789173789174 0.168091168091168 0.282051282051282 0
47.3738 8.3169 0.0655270655270655 0.11965811965812 0.0826210826210826 0.108262108262108 0.173789173789174 0.168091168091168 0.282051282051282 0
47.3738 8.3169 0.0655270655270655 0.11965811965812 0.0826210826210826 0.108262108262108 0.173789173789174 0.168091168091168 0.282051282051282 0
47.1024 8.6308 0.0655270655270655 0.11965811965812 0.0826210826210826 0.108262108262108 0.173789173789174 0.168091168091168 0.282051282051282 0
47.1024 8.6308 0.0655270655270655 0.11965811965812 0.0826210826210826 0.108262108262108 0.173789173789174 0.168091168091168 0.282051282051282 0
47.0109 6.9806 0.111111111111111 0.0598290598290598 0.162393162393162 0.316239316239316 0.094017094017094 0.150997150997151 0.105413105413105 0
50.3291 8.871 0.111111111111111 0.0598290598290598 0.162393162393162 0.316239316239316 0.094017094017094 0.150997150997151 0.105413105413105 0
52.3148 30.9532 0.111111111111111 0.0598290598290598 0.162393162393162 0.316239316239316 0.094017094017094 0.150997150997151 0.105413105413105 0
52.3148 30.9532 0.111111111111111 0.0598290598290598 0.162393162393162 0.316239316239316 0.094017094017094 0.150997150997151 0.105413105413105 0
50.8387 39.0757 0.145299145299145 0.173789173789174 0.0968660968660969 0.0968660968660969 0.116809116809117 0.239316239316239 0.131054131054131 0
47.87 27.2552 0.0655270655270655 0.11965811965812 0.0826210826210826 0.108262108262108 0.173789173789174 0.168091168091168 0.282051282051282 0
47.87 27.2552 0.0655270655270655 0.11965811965812 0.0826210826210826 0.108262108262108 0.173789173789174 0.168091168091168 0.282051282051282 0
47.87 27.2552 0.0655270655270655 0.11965811965812 0.0826210826210826 0.108262108262108 0.173789173789174 0.168091168091168 0.282051282051282 0
47.87 27.2552 0.0655270655270655 0.11965811965812 0.0826210826210826 0.108262108262108 0.173789173789174 0.168091168091168 0.282051282051282 0
47.87 27.2552 0.0655270655270655 0.11965811965812 0.0826210826210826 0.108262108262108 0.173789173789174 0.168091168091168 0.282051282051282 0
47.2847 29.1252 0.111111111111111 0.0598290598290598 0.162393162393162 0.316239316239316 0.094017094017094 0.150997150997151 0.105413105413105 0
47.2847 29.1252 0.111111111111111 0.0598290598290598 0.162393162393162 0.316239316239316 0.094017094017094 0.150997150997151 0.105413105413105 0
47.2847 29.1252 0.111111111111111 0.0598290598290598 0.162393162393162 0.316239316239316 0.094017094017094 0.150997150997151 0.105413105413105 0
47.2847 29.1252 0.111111111111111 0.0598290598290598 0.162393162393162 0.316239316239316 0.094017094017094 0.150997150997151 0.105413105413105 0
47.2847 29.1252 0.111111111111111 0.0598290598290598 0.162393162393162 0.316239316239316 0.094017094017094 0.150997150997151 0.105413105413105 0
46.6859 48.0747 0.111111111111111 0.0598290598290598 0.162393162393162 0.316239316239316 0.094017094017094 0.150997150997151 0.105413105413105 0
43.3919 1.6915 0.0655270655270655 0.11965811965812 0.0826210826210826 0.108262108262108 0.173789173789174 0.168091168091168 0.282051282051282 0
43.3919 1.6915 0.0655270655270655 0.11965811965812 0.0826210826210826 0.108262108262108 0.173789173789174 0.168091168091168 0.282051282051282 0
43.3919 1.6915 0.0655270655270655 0.11965811965812 0.0826210826210826 0.108262108262108 0.173789173789174 0.168091168091168 0.282051282051282 0
61.111 32.5514 0.111111111111111 0.0598290598290598 0.162393162393162 0.316239316239316 0.094017094017094 0.150997150997151 0.105413105413105 0
47.4646 40.4793 0.145299145299145 0.173789173789174 0.0968660968660969 0.0968660968660969 0.116809116809117 0.239316239316239 0.131054131054131 0
47.4646 40.4793 0.145299145299145 0.173789173789174 0.0968660968660969 0.0968660968660969 0.116809116809117 0.239316239316239 0.131054131054131 0
47.4646 40.4793 0.145299145299145 0.173789173789174 0.0968660968660969 0.0968660968660969 0.116809116809117 0.239316239316239 0.131054131054131 0
48.0994 46.0826 0.111111111111111 0.0598290598290598 0.162393162393162 0.316239316239316 0.094017094017094 0.150997150997151 0.105413105413105 0
48.0994 46.0826 0.111111111111111 0.0598290598290598 0.162393162393162 0.316239316239316 0.094017094017094 0.150997150997151 0.105413105413105 0
53.1362 48.2646 0.111111111111111 0.0598290598290598 0.162393162393162 0.316239316239316 0.094017094017094 0.150997150997151 0.105413105413105 0
53.1362 48.2646 0.111111111111111 0.0598290598290598 0.162393162393162 0.316239316239316 0.094017094017094 0.150997150997151 0.105413105413105 0
53.1362 48.2646 0.111111111111111 0.0598290598290598 0.162393162393162 0.316239316239316 0.094017094017094 0.150997150997151 0.105413105413105 0
51.7089 46.7015 0.111111111111111 0.0598290598290598 0.162393162393162 0.316239316239316 0.094017094017094 0.150997150997151 0.105413105413105 0
51.7089 46.7015 0.111111111111111 0.0598290598290598 0.162393162393162 0.316239316239316 0.094017094017094 0.150997150997151 0.105413105413105 0
51.7089 46.7015 0.111111111111111 0.0598290598290598 0.162393162393162 0.316239316239316 0.094017094017094 0.150997150997151 0.105413105413105 0
53.2206 50.4691 0.111111111111111 0.0598290598290598 0.162393162393162 0.316239316239316 0.094017094017094 0.150997150997151 0.105413105413105 0
53.2206 50.4691 0.111111111111111 0.0598290598290598 0.162393162393162 0.316239316239316 0.094017094017094 0.150997150997151 0.105413105413105 0
53.2206 50.4691 0.111111111111111 0.0598290598290598 0.162393162393162 0.316239316239316 0.094017094017094 0.150997150997151 0.105413105413105 0
53.7409 24.2122 0.111111111111111 0.0598290598290598 0.162393162393162 0.316239316239316 0.094017094017094 0.150997150997151 0.105413105413105 0
53.7409 24.2122 0.111111111111111 0.0598290598290598 0.162393162393162 0.316239316239316 0.094017094017094 0.150997150997151 0.105413105413105 0
53.523 24.1952 0.111111111111111 0.0598290598290598 0.162393162393162 0.316239316239316 0.094017094017094 0.150997150997151 0.105413105413105 0
53.523 24.1952 0.111111111111111 0.0598290598290598 0.162393162393162 0.316239316239316 0.094017094017094 0.150997150997151 0.105413105413105 0
53.523 24.1952 0.111111111111111 0.0598290598290598 0.162393162393162 0.316239316239316 0.094017094017094 0.150997150997151 0.105413105413105 0
53.523 24.1952 0.111111111111111 0.0598290598290598 0.162393162393162 0.316239316239316 0.094017094017094 0.150997150997151 0.105413105413105 0
53.523 24.1952 0.111111111111111 0.0598290598290598 0.162393162393162 0.316239316239316 0.094017094017094 0.150997150997151 0.105413105413105 0
54.8865 26.9015 0.111111111111111 0.0598290598290598 0.162393162393162 0.316239316239316 0.094017094017094 0.150997150997151 0.105413105413105 0
54.8865 26.9015 0.111111111111111 0.0598290598290598 0.162393162393162 0.316239316239316 0.094017094017094 0.150997150997151 0.105413105413105 0
55.5932 39.5758 0.111111111111111 0.0598290598290598 0.162393162393162 0.316239316239316 0.094017094017094 0.150997150997151 0.105413105413105 0
54.7708 31.2857 0.111111111111111 0.0598290598290598 0.162393162393162 0.316239316239316 0.094017094017094 0.150997150997151 0.105413105413105 0
54.7708 31.2857 0.111111111111111 0.0598290598290598 0.162393162393162 0.316239316239316 0.094017094017094 0.150997150997151 0.105413105413105 0
54.7708 31.2857 0.111111111111111 0.0598290598290598 0.162393162393162 0.316239316239316 0.094017094017094 0.150997150997151 0.105413105413105 0
53.3957 83.7952 0.111111111111111 0.0598290598290598 0.162393162393162 0.316239316239316 0.094017094017094 0.150997150997151 0.105413105413105 0
53.3957 83.7952 0.111111111111111 0.0598290598290598 0.162393162393162 0.316239316239316 0.094017094017094 0.150997150997151 0.105413105413105 0
53.3957 83.7952 0.111111111111111 0.0598290598290598 0.162393162393162 0.316239316239316 0.094017094017094 0.150997150997151 0.105413105413105 0
52.4996 85.1734 0.111111111111111 0.0598290598290598 0.162393162393162 0.316239316239316 0.094017094017094 0.150997150997151 0.105413105413105 0
52.4996 85.1734 0.111111111111111 0.0598290598290598 0.162393162393162 0.316239316239316 0.094017094017094 0.150997150997151 0.105413105413105 0
52.4996 85.1734 0.111111111111111 0.0598290598290598 0.162393162393162 0.316239316239316 0.094017094017094 0.150997150997151 0.105413105413105 0
51.9716 85.7618 0.111111111111111 0.0598290598290598 0.162393162393162 0.316239316239316 0.094017094017094 0.150997150997151 0.105413105413105 0
51.9716 85.7618 0.111111111111111 0.0598290598290598 0.162393162393162 0.316239316239316 0.094017094017094 0.150997150997151 0.105413105413105 0
51.9716 85.7618 0.111111111111111 0.0598290598290598 0.162393162393162 0.316239316239316 0.094017094017094 0.150997150997151 0.105413105413105 0
56.8834 59.0467 0.111111111111111 0.0598290598290598 0.162393162393162 0.316239316239316 0.094017094017094 0.150997150997151 0.105413105413105 0
56.8834 59.0467 0.111111111111111 0.0598290598290598 0.162393162393162 0.316239316239316 0.094017094017094 0.150997150997151 0.105413105413105 0
56.8834 59.0467 0.111111111111111 0.0598290598290598 0.162393162393162 0.316239316239316 0.094017094017094 0.150997150997151 0.105413105413105 0
57.3551 56.9098 0.111111111111111 0.0598290598290598 0.162393162393162 0.316239316239316 0.094017094017094 0.150997150997151 0.105413105413105 0
60.3818 56.5051 0.111111111111111 0.0598290598290598 0.162393162393162 0.316239316239316 0.094017094017094 0.150997150997151 0.105413105413105 0
60.3818 56.5051 0.111111111111111 0.0598290598290598 0.162393162393162 0.316239316239316 0.094017094017094 0.150997150997151 0.105413105413105 0
60.3818 56.5051 0.111111111111111 0.0598290598290598 0.162393162393162 0.316239316239316 0.094017094017094 0.150997150997151 0.105413105413105 0
57.2376 59.3228 0.111111111111111 0.0598290598290598 0.162393162393162 0.316239316239316 0.094017094017094 0.150997150997151 0.105413105413105 0
57.2376 59.3228 0.111111111111111 0.0598290598290598 0.162393162393162 0.316239316239316 0.094017094017094 0.150997150997151 0.105413105413105 0
57.2376 59.3228 0.111111111111111 0.0598290598290598 0.162393162393162 0.316239316239316 0.094017094017094 0.150997150997151 0.105413105413105 0
56.1352 48.3343 0.111111111111111 0.0598290598290598 0.162393162393162 0.316239316239316 0.094017094017094 0.150997150997151 0.105413105413105 0
56.1352 48.3343 0.111111111111111 0.0598290598290598 0.162393162393162 0.316239316239316 0.094017094017094 0.150997150997151 0.105413105413105 0
56.1352 48.3343 0.111111111111111 0.0598290598290598 0.162393162393162 0.316239316239316 0.094017094017094 0.150997150997151 0.105413105413105 0
43.698 39.6852 0.145299145299145 0.173789173789174 0.0968660968660969 0.0968660968660969 0.116809116809117 0.239316239316239 0.131054131054131 0
43.698 39.6852 0.145299145299145 0.173789173789174 0.0968660968660969 0.0968660968660969 0.116809116809117 0.239316239316239 0.131054131054131 0
43.698 39.6852 0.145299145299145 0.173789173789174 0.0968660968660969 0.0968660968660969 0.116809116809117 0.239316239316239 0.131054131054131 0
54.4591 20.1353 0.111111111111111 0.0598290598290598 0.162393162393162 0.316239316239316 0.094017094017094 0.150997150997151 0.105413105413105 0
54.4591 20.1353 0.111111111111111 0.0598290598290598 0.162393162393162 0.316239316239316 0.094017094017094 0.150997150997151 0.105413105413105 0
54.4591 20.1353 0.111111111111111 0.0598290598290598 0.162393162393162 0.316239316239316 0.094017094017094 0.150997150997151 0.105413105413105 0
54.5229 22.0748 0.111111111111111 0.0598290598290598 0.162393162393162 0.316239316239316 0.094017094017094 0.150997150997151 0.105413105413105 0
54.4959 21.1935 0.111111111111111 0.0598290598290598 0.162393162393162 0.316239316239316 0.094017094017094 0.150997150997151 0.105413105413105 0
56.9702 60.7366 0.111111111111111 0.0598290598290598 0.162393162393162 0.316239316239316 0.094017094017094 0.150997150997151 0.105413105413105 0
56.9702 60.7366 0.111111111111111 0.0598290598290598 0.162393162393162 0.316239316239316 0.094017094017094 0.150997150997151 0.105413105413105 0
56.9702 60.7366 0.111111111111111 0.0598290598290598 0.162393162393162 0.316239316239316 0.094017094017094 0.150997150997151 0.105413105413105 0
56.9702 60.7366 0.111111111111111 0.0598290598290598 0.162393162393162 0.316239316239316 0.094017094017094 0.150997150997151 0.105413105413105 0
